4.198007304013782193e-01
4.070680155621659302e-01
4.093315070544067402e-01
4.100952467866343376e-01
4.058191048886111707e-01
4.215705954348934470e-01
4.107548078715247963e-01
4.209563382679028520e-01
4.242251892119188184e-01
4.225188401609705768e-01
4.196899215004248895e-01
4.136397938632673799e-01
4.174971810224638036e-01
4.086986355386358349e-01
4.431508505734764736e-01
4.144074390249050666e-01
4.263839105818433284e-01
4.177114162226205352e-01
4.189563735537735201e-01
4.023707708289192553e-01
4.083488245149027862e-01
3.974753977654081893e-01
4.314929595790683581e-01
4.265807459126115253e-01
4.257196671165768831e-01
4.208227405429889600e-01
3.972487145088523519e-01
4.342582514934557603e-01
4.394512671810993920e-01
4.247228293052612291e-01
4.127088039349135484e-01
4.332891654664495773e-01
4.111126387180176756e-01
4.350851125401318242e-01
4.194386509321859080e-01
4.364984034620213449e-01
4.236610045219231790e-01
4.172561334195182825e-01
4.057042053931143033e-01
4.294442421450125891e-01
4.217188408200182037e-01
4.187993257456141816e-01
3.966181332550163807e-01
4.277059979617792163e-01
4.347714719387160143e-01
4.179876414895800085e-01
4.153837922196149668e-01
4.066453270803279674e-01
4.309418619655037141e-01
4.244967864862645435e-01
4.220932171438286917e-01
4.162887335001400624e-01
4.112870859338527141e-01
4.152506908329237079e-01
3.985669292199491287e-01
4.286671143740392043e-01
4.319927214492171319e-01
4.114521258739302079e-01
4.204261780840501950e-01
3.939465211189138727e-01
4.109095740269068098e-01
4.267815470628155694e-01
4.155109100847615977e-01
4.124438272773254810e-01
4.203378429719971665e-01
4.091167465693462124e-01
4.090443121997913711e-01
4.192956055321152564e-01
4.133315592251903259e-01
4.253215836750712797e-01
4.216022774061666811e-01
4.239454577066346652e-01
4.224893678597999580e-01
4.164654249741351344e-01
3.989609395070984332e-01
4.226927695148930408e-01
4.055034981577930187e-01
3.962206726008358770e-01
4.271909052413491725e-01
4.246813211278651079e-01
4.245556152655672877e-01
4.193160093861285631e-01
4.139460380728184896e-01
4.075789470707092410e-01
4.051460601411134843e-01
4.080135881653559338e-01
4.137762451345953219e-01
4.252043578718195382e-01
4.310096463557613333e-01
4.035441682655470652e-01
4.165620991798050232e-01
4.390897207372329580e-01
4.196718109787829776e-01
4.192785071428966059e-01
4.132904462033845094e-01
4.129668393782279234e-01
4.270852540787591356e-01
4.239890778630046597e-01
4.023200229934675853e-01
4.291322703107391945e-01
4.279236922270947541e-01
4.306412105193457851e-01
4.252720000577342452e-01
4.160576532651005244e-01
3.932501834526029305e-01
4.171618991431746970e-01
4.226316649797172142e-01
4.357669280715473215e-01
4.237395876953366503e-01
4.088680668701983878e-01
4.402595281574406272e-01
4.221906600633728579e-01
4.389564471332263462e-01
4.160394562942745234e-01
4.229807335098962340e-01
4.312333838965515809e-01
4.114742818002159463e-01
4.049759514189222309e-01
4.134362940267207742e-01
4.086153938986576417e-01
4.030796843182836153e-01
4.070255073735210560e-01
4.114131841950097734e-01
4.123993536804581028e-01
4.170968303520848353e-01
4.052234450842190361e-01
4.090283140566562947e-01
4.204395987273666924e-01
4.305355644989967701e-01
4.264442544456780171e-01
4.268723103049417156e-01
4.165304794475735983e-01
4.220420009926157956e-01
4.218458698006783414e-01
4.042353183435051789e-01
4.024359829901966168e-01
4.163709187864785832e-01
4.200755619257192097e-01
4.312253171847505451e-01
4.066960065919188461e-01
4.066104925739136289e-01
4.203073759311074520e-01
4.122613119031519613e-01
4.184903235901142327e-01
4.170179984551067864e-01
4.287414772954777353e-01
4.046554600172067584e-01
4.261950862556830311e-01
4.179420350770066683e-01
4.242506670602054775e-01
4.130808890403130929e-01
4.047405320108954929e-01
4.413502005185860888e-01
4.046840087157910770e-01
3.950405188831617176e-01
4.241186448708419432e-01
4.365618380418755939e-01
4.160963614270931643e-01
4.435556220403954475e-01
4.117073147478044204e-01
4.141063012064050142e-01
4.023643858647590887e-01
3.928575460569436184e-01
4.393799775638224103e-01
4.112787974604530938e-01
4.286330693299319483e-01
4.284050356107801383e-01
4.125671890729524782e-01
4.216829908829087814e-01
4.409318699669448338e-01
4.121303714276528529e-01
4.106289857734846116e-01
4.244761992781310722e-01
4.194241609593361564e-01
4.206148821358811629e-01
3.924157203206766198e-01
4.318418411786542621e-01
4.230922286239970909e-01
4.358839388250727587e-01
4.278614587023302773e-01
4.317752931741507538e-01
4.398832890904850190e-01
4.199594525760232955e-01
3.973201233615386019e-01
4.283615262905168808e-01
4.279376742574813042e-01
4.039384466769746496e-01
4.347158567294860387e-01
3.995085436688800007e-01
4.441902836558376255e-01
4.202585787459001132e-01
4.333783783679094892e-01
4.280397335229608746e-01
4.173187018202723086e-01
4.320244201480952229e-01
4.138671215635146283e-01
4.222425687706553021e-01
4.370021444135659960e-01
4.253618400935656463e-01
4.180023882344151565e-01
4.364326426336763709e-01
4.394650658977254376e-01
4.222497169445099119e-01
4.380761605411138682e-01
3.982104401987049958e-01
4.166416796126088951e-01
4.038200021501998083e-01
4.265761460600662747e-01
4.005589587266130125e-01
4.339481654476003980e-01
4.272504603134559265e-01
4.197137306036555215e-01
4.023016207233726660e-01
4.227022185002041743e-01
4.121408373867781472e-01
4.239024293549297218e-01
4.120175029213631879e-01
4.084255743464059174e-01
4.152164013492375960e-01
4.186846782016406254e-01
4.172655706438437306e-01
4.204082345608344262e-01
4.145348647342137482e-01
4.086958797864831960e-01
4.155932562869421032e-01
4.259248657271435534e-01
4.221371994394340077e-01
4.179436550561998476e-01
4.408573524607064531e-01
4.303907910466452935e-01
4.258564973814852883e-01
4.121166897522678396e-01
4.294008074597280289e-01
4.027321130317972897e-01
4.153337725306857076e-01
4.079976209933568465e-01
4.025251038472789644e-01
4.154508327868107753e-01
4.137005292804247780e-01
4.368108204421682350e-01
4.286051824512859820e-01
4.193971894478383811e-01
4.185566098830170723e-01
4.182765928064868244e-01
4.375165460223557345e-01
4.032204075654621245e-01
4.400988809319089090e-01
4.233567588169929174e-01
4.058446707851087187e-01
4.257680092890137602e-01
4.184595932697924847e-01
4.121027194935795168e-01
4.158314818576688277e-01
4.230077159094247086e-01
4.170633498675364592e-01
4.180805581145461414e-01
4.327558388707191117e-01
4.367110444080311016e-01
4.396607348497849621e-01
4.274055122516496885e-01
4.006683353957836702e-01
4.292004341608262052e-01
4.137335355731279196e-01
4.345477925394093388e-01
4.126687454284574952e-01
4.227538323778365914e-01
4.222620542311066871e-01
4.366220383581839726e-01
4.348233896333795201e-01
4.453579421464157195e-01
4.168849144787094563e-01
4.145941830546204243e-01
3.979956738842362896e-01
4.250469963776767890e-01
4.244072937370498289e-01
4.125565297717682656e-01
4.002770716543929685e-01
4.081225674886135302e-01
4.233137884973373066e-01
4.056873912981996955e-01
4.291058919162454854e-01
4.289356020925826907e-01
4.177318022297293321e-01
4.279643080538458322e-01
4.304901237061518060e-01
4.304935582610216471e-01
4.079532182260413586e-01
4.275559594065447833e-01
4.392545811877887618e-01
4.220688082391823026e-01
4.218611160235399837e-01
4.033469504259730720e-01
3.998136674634754639e-01
4.092468776670914465e-01
4.095545820259757774e-01
4.252835146715913117e-01
4.279111136314930897e-01
4.274865432176178093e-01
4.219320309170065952e-01
4.310792070071153281e-01
4.157778449091357187e-01
4.323027266007735681e-01
4.294748155441538984e-01
4.394318296504513555e-01
4.127377468149720507e-01
4.159768893580398363e-01
4.211454294678753651e-01
4.304042090982843627e-01
4.115855457156300523e-01
4.268692013030535026e-01
3.906101817338089033e-01
4.075190515986595874e-01
4.104607155319033862e-01
4.202763980556665779e-01
4.162534403818501372e-01
4.135373677586860475e-01
4.013784832101973121e-01
4.386562824660661386e-01
4.565469665367977159e-01
4.193569581891470333e-01
4.354773878418866095e-01
4.013291663446598712e-01
4.324384889858045034e-01
4.064193564479382514e-01
4.177302545358029251e-01
4.304155407688825541e-01
4.235210894262871895e-01
4.257349134480659658e-01
4.207832994636189206e-01
4.002523882391135768e-01
4.148739061381696569e-01
4.284878204045649563e-01
4.265311647018651953e-01
4.296350643812417713e-01
4.205518407174814177e-01
4.095403234310568408e-01
3.914902068731846985e-01
4.360183988800790944e-01
4.305423831772152710e-01
4.083887599700914972e-01
4.226937316104580344e-01
4.144201476604429391e-01
4.079228302231482917e-01
4.024212657755771860e-01
3.939805479581467429e-01
4.191765064436651089e-01
4.470984055836929594e-01
4.047700659696573666e-01
4.193183510246413226e-01
4.040309123974725747e-01
4.339345599121446906e-01
4.128554253001519014e-01
4.117265740442667687e-01
4.325233211433717750e-01
4.345280665394332109e-01
4.101600525615056170e-01
4.297177551081574065e-01
4.122435100112751272e-01
4.195573644518426626e-01
3.999702804439042025e-01
4.078981379464117207e-01
4.613589564303531287e-01
4.384176701268602261e-01
4.219717825854816251e-01
4.174262130532084281e-01
4.154103725108410083e-01
4.267014502509565155e-01
4.168535214736782124e-01
4.158693857069345468e-01
4.065172284724930529e-01
3.992017746499296194e-01
4.162124804443491088e-01
4.196512767019269785e-01
4.141899288799842926e-01
4.196225464462039478e-01
4.245913325641826330e-01
4.238672014986268333e-01
4.130715292069950251e-01
4.158432002889896340e-01
4.262136918468357738e-01
4.264205404866960869e-01
4.360200258948325192e-01
4.306362638149261457e-01
4.145296970660968805e-01
4.134323171504124539e-01
4.224573902847100770e-01
4.232455049962115523e-01
4.177220125593743005e-01
3.992704706898339562e-01
4.298650255372667428e-01
4.113032462936023759e-01
4.136527643600415027e-01
4.437188759540540151e-01
4.047560477715874128e-01
4.314310390019340802e-01
4.216171956480017635e-01
4.370180826523978324e-01
4.164125138259802683e-01
4.095478993894398623e-01
4.307993375236284228e-01
3.990902115199306821e-01
4.231283904070572421e-01
4.161206103718314564e-01
4.014805997584104391e-01
4.004532525239594687e-01
4.001905715464690316e-01
4.391901520215774068e-01
4.254856288133800901e-01
4.035328273237096530e-01
4.495534286119317047e-01
4.025513341073328477e-01
4.302117235010407548e-01
4.125983614947276168e-01
4.175931366547492307e-01
3.964453634564072959e-01
4.179355059028887487e-01
4.126067606782950481e-01
3.915031863764409925e-01
4.221524523410822294e-01
4.231089586370310185e-01
4.089063512034922243e-01
4.125020431422228295e-01
4.135455765000330408e-01
4.174708073110471318e-01
4.342868285752196633e-01
4.456286115014415627e-01
4.137776626450250794e-01
4.183196873007230532e-01
4.066360443756830145e-01
3.983698167435869020e-01
4.228724609920553323e-01
4.359427941464291689e-01
4.290596614104092987e-01
4.308625896396294785e-01
4.247693719801320933e-01
4.243183816317441237e-01
4.139638824288588981e-01
4.198807629908460348e-01
4.120875054624129619e-01
4.113752257378666122e-01
4.182036374978869708e-01
4.045245143792470244e-01
4.272626083492641058e-01
4.236192316799179403e-01
4.187480713900547658e-01
4.272325289219878752e-01
4.406360519348757054e-01
4.383280534135483020e-01
4.267656314398565187e-01
4.253226315206322106e-01
4.294815243462060672e-01
4.492585433150043661e-01
4.040330435219159355e-01
4.175917570536472057e-01
4.154461227865206552e-01
4.147786148828545016e-01
4.209190204466465302e-01
4.149057810175365013e-01
4.101888859760180472e-01
4.161052265567239949e-01
4.156758797305901143e-01
4.203645966416198476e-01
4.275868626531416639e-01
4.177733125114418966e-01
4.203441620281896940e-01
4.212509286546357590e-01
4.202535626375250022e-01
3.898734046693470567e-01
3.887847970744245374e-01
4.196006168058420971e-01
4.215212323366379077e-01
4.206336170946564090e-01
4.372130192725762199e-01
4.178427954341634165e-01
4.245687053174725389e-01
4.299447733643763092e-01
4.125110231517530313e-01
4.051415195448681561e-01
4.345186235633062277e-01
4.180680607184018571e-01
4.189056258412194866e-01
4.191569805334502408e-01
4.322953899655003207e-01
4.423171078420979896e-01
4.072204010039272015e-01
4.204308734319228136e-01
4.129354466663907597e-01
4.053676456198433975e-01
4.000206087142271216e-01
3.969215086625952349e-01
4.396754855466514234e-01
4.245031993877961818e-01
4.387706343656193053e-01
4.267766032880538907e-01
4.173871296865513392e-01
4.044871650352626635e-01
4.029445731984978574e-01
4.022373757046543985e-01
4.418036162115555054e-01
4.311547165605901788e-01
4.202641219019255803e-01
4.457693552822815097e-01
4.156601756399069258e-01
4.036172712070477120e-01
4.170838727216810704e-01
4.216642983963892477e-01
4.014708909087302269e-01
4.486175158233812188e-01
4.426216510705394680e-01
4.031424594236562298e-01
4.198623642926683219e-01
4.254620646468381118e-01
4.289155085417712954e-01
4.356016926919575871e-01
4.091924187947589275e-01
4.386345962390538200e-01
4.171636967837176746e-01
4.384149387944641929e-01
4.410307995823448679e-01
4.261508876853521421e-01
4.175769863609548049e-01
4.069541684720469621e-01
4.355521154566507347e-01
4.389477384766891088e-01
4.342347214341516493e-01
4.552493493262628199e-01
4.054673072351373531e-01
4.047229777683531426e-01
4.051570425406322284e-01
4.362672482064202106e-01
4.261692103776233975e-01
4.176164722714096333e-01
4.308584710948961671e-01
4.186066718752032845e-01
4.572400968821033196e-01
4.113380055527086077e-01
4.056477022728643411e-01
4.116731085585449423e-01
4.049703159237407202e-01
4.401938607806923920e-01
4.110476576703980256e-01
4.143072016299788607e-01
4.170854719203533345e-01
4.050381721365285959e-01
4.095532184640391926e-01
4.565229448256937772e-01
4.151239649023324429e-01
4.046455538070297675e-01
4.142365308006966673e-01
4.200010523311322741e-01
4.228307398103036130e-01
4.159228583341356700e-01
4.233205293597026020e-01
4.091384589995433751e-01
4.154672211509465862e-01
4.141621086173841171e-01
4.436377671774895393e-01
4.163497980222021222e-01
3.937276504111928976e-01
4.272152403156976308e-01
4.389476022006043032e-01
4.244032752083500837e-01
4.218391695928481733e-01
4.212574587678807880e-01
4.109289408563370771e-01
4.020042039846905557e-01
4.305037486785558420e-01
4.283757402011336701e-01
4.129363774306983315e-01
4.177828200142671977e-01
4.076277216658411029e-01
4.255710527554038003e-01
4.410805571822576376e-01
4.006973554263234538e-01
4.216902484174556709e-01
4.177974963522460006e-01
4.222337593466226613e-01
4.056602333993205578e-01
4.429750490708262989e-01
4.104781690922640336e-01
4.070629910519818484e-01
4.288924847206175839e-01
4.230159644603126434e-01
4.149449801726435294e-01
4.222797151846718888e-01
4.090739729051005025e-01
4.191310825104738180e-01
4.240548264358728336e-01
4.191617907045536162e-01
4.243296480923492986e-01
4.268493251617840878e-01
4.295456672995959235e-01
4.006180193449693228e-01
4.245353883873549949e-01
4.311135606532905951e-01
4.096303853045459298e-01
4.074113510443279629e-01
4.248175811870247287e-01
4.124026806648464216e-01
4.216613018656661382e-01
4.219327322913165590e-01
4.235719195133630377e-01
4.116404067724541704e-01
4.269019080397257748e-01
4.081203378792337966e-01
4.230954892234091713e-01
4.078252544642024247e-01
4.303419691940533198e-01
4.282272447225959899e-01
4.118871949508863262e-01
4.460660619821847916e-01
4.307306569623875481e-01
4.229293213909540716e-01
4.193882588007822876e-01
4.214323714550758937e-01
4.196143707010955848e-01
4.215972160582395767e-01
3.983072523033845402e-01
4.089514702161079485e-01
4.268457129838571507e-01
4.207001526971979044e-01
4.196622378714631729e-01
4.229700966354512093e-01
4.158194036733177668e-01
4.177471276944921263e-01
4.183797701622865017e-01
4.180872375932304652e-01
3.928423237137397828e-01
4.103377357987741392e-01
4.218811558693998931e-01
4.338092011695541816e-01
4.096785098973561579e-01
4.098734196853655587e-01
4.156987716829390056e-01
4.278478626163883525e-01
4.187505830513224558e-01
4.239779889425793757e-01
4.313596741950578295e-01
4.212455434471202298e-01
4.261900541061003356e-01
4.225121011000519400e-01
4.147009428626227678e-01
4.199032574300864962e-01
4.358883480367592433e-01
4.279684364851955580e-01
4.453225805279148464e-01
4.301364886038219759e-01
4.301306047823964529e-01
4.400245211009560231e-01
4.277109625758578337e-01
4.070290081128916659e-01
4.272624257877991605e-01
4.275740128513440541e-01
4.170812887825390280e-01
4.054179493439163395e-01
4.420264668829876342e-01
4.422873983307542001e-01
4.287301761014285506e-01
4.403523506683599265e-01
4.263845218247405700e-01
4.348476895173353229e-01
4.141007805360469862e-01
4.340296940327191821e-01
4.429564949594476664e-01
4.149313559168957277e-01
4.054992873339595683e-01
4.468319900358166397e-01
4.361481715934296677e-01
4.134591044485364519e-01
4.055662451849167960e-01
3.974287872429036472e-01
4.144495221903319870e-01
4.145730510310345895e-01
4.129801028896988857e-01
4.408435721249900352e-01
4.159934496763176837e-01
4.098373264511423475e-01
4.122518082345419943e-01
4.323825555299938839e-01
4.206688762432200801e-01
4.164702330450644752e-01
4.275903488535114372e-01
4.232249418410086172e-01
4.209116692367943502e-01
4.151638214802284010e-01
4.462285559875815433e-01
4.275121570866435849e-01
4.122812016586199224e-01
4.062608157499636996e-01
3.952873987223590735e-01
4.050356263465043627e-01
4.334414784839055179e-01
4.062841371940814073e-01
4.169870451192963512e-01
4.149114931410499141e-01
4.181175714809809985e-01
4.199849959554458612e-01
4.177733929703933979e-01
4.104517573011208231e-01
3.960703567104534306e-01
4.280834329430003860e-01
4.362777639944532826e-01
4.126074352385612487e-01
4.261729567638265492e-01
4.162695653662214501e-01
4.046996813338558652e-01
4.301344701199079634e-01
4.251765188084571379e-01
4.385095112711714371e-01
4.186454761636322353e-01
4.161827735929594652e-01
4.029640307075465500e-01
4.373463087043967246e-01
4.111627075098741591e-01
4.137239145795952311e-01
4.052981534275331144e-01
4.315863235162685219e-01
4.309055842556897553e-01
4.138733968544573427e-01
4.285671037456523780e-01
4.205611404187148405e-01
3.984522454252934498e-01
4.100143464862969211e-01
4.311802444929070388e-01
4.103380087485256067e-01
4.414840208633128982e-01
4.369216227295020238e-01
4.063147137311673429e-01
4.138833334247102869e-01
4.027133126793305817e-01
4.167368562257732778e-01
4.232021003440535889e-01
4.258044561461042377e-01
4.149521322419883473e-01
4.333240674444875928e-01
4.130722851830501141e-01
4.099912063541300000e-01
4.109157502547700069e-01
4.278456252473300525e-01
4.161704421130407172e-01
4.174717836997537401e-01
4.155389751638396412e-01
4.127827375591262005e-01
4.194619376470332117e-01
4.034311157270479287e-01
4.149187667458951179e-01
4.203856012604815229e-01
4.143549314970763064e-01
4.139481885753027446e-01
4.236038525640644647e-01
3.954079341714894502e-01
4.343653890906079562e-01
4.389916381055909977e-01
4.384470960036428999e-01
4.226579988383364905e-01
4.408263263721630687e-01
4.260831886074291086e-01
4.302055940023858938e-01
4.282421677645260050e-01
4.078766306471120484e-01
4.236959532731094935e-01
4.453663057173370410e-01
4.138959284373878167e-01
4.289079773056841960e-01
4.231426532537617691e-01
4.275401859167163865e-01
4.288555458936974540e-01
4.140564697556989304e-01
4.325790750788962025e-01
4.253451981362333933e-01
4.213049811598884031e-01
4.189440356480089167e-01
4.007429256265865325e-01
4.120473746216753996e-01
4.052052036292039805e-01
4.115249018593037933e-01
4.201828813161959109e-01
4.134805383586113159e-01
4.428485088663790537e-01
4.150062021862679362e-01
4.173733150152630356e-01
4.228503921617522976e-01
4.380245223913525332e-01
4.157634115012278087e-01
4.281997477403446384e-01
4.296653496332540900e-01
4.005024682566237226e-01
4.310073255746647569e-01
4.254969042831274750e-01
4.266468558735287964e-01
4.201281455044433288e-01
4.228157412506465818e-01
3.968380992903871585e-01
4.251967895068752834e-01
4.340510277750457280e-01
4.112494072915248711e-01
4.280053936729151243e-01
3.960272395567066006e-01
4.280322813172951490e-01
4.167200336687271189e-01
4.198435516127217992e-01
4.182196673502316386e-01
4.199005572790471819e-01
4.079309657161606095e-01
4.189329537381172308e-01
4.310017766569642639e-01
4.097733132870339801e-01
4.230708034264764605e-01
4.258530559961952178e-01
4.407276986701300636e-01
4.231424626378741394e-01
4.273039618282977736e-01
4.247989627478798713e-01
4.041155833502474426e-01
4.333474145381744913e-01
4.125755600612636131e-01
4.026893497482875728e-01
4.284896839439906180e-01
4.096219918426920459e-01
3.996247789794298289e-01
4.226246358184457819e-01
4.278499889141291757e-01
3.987700152228797479e-01
3.905657064399765122e-01
4.149843776742815904e-01
4.218908290862792287e-01
4.435657760903018443e-01
4.392492343166325974e-01
4.089934999966980400e-01
4.096908376265161467e-01
4.024577338263732318e-01
4.208024039910152059e-01
4.018175586701678847e-01
4.313090928327980023e-01
3.988866805916194136e-01
4.115814669395569392e-01
4.227876124627725218e-01
4.011302235521186366e-01
4.142772345121742972e-01
4.197105833438076194e-01
4.111673727460993244e-01
4.154694515499696705e-01
4.304985729182037035e-01
4.178855898745859609e-01
4.193818175811946936e-01
4.144217701592474712e-01
4.090088219709417383e-01
4.060588571718136697e-01
4.117650098917515766e-01
4.143484341638026258e-01
4.081420591828529565e-01
4.071439039592701925e-01
3.980450860631776777e-01
4.233306699942911977e-01
4.229349457911397159e-01
4.050668918011467445e-01
4.273183396343913087e-01
4.484409843258891915e-01
3.951557499248631311e-01
4.153148955567628198e-01
4.177173221070135112e-01
4.258119279950042246e-01
4.123562789350979085e-01
4.246347557072166490e-01
4.078128933063092099e-01
4.265231700002678483e-01
4.387862329488833590e-01
3.983851308596608187e-01
4.230585651119602719e-01
4.302959083264983886e-01
4.061389764490316301e-01
4.235893694106221963e-01
4.037924434817580788e-01
4.336067898918810060e-01
4.316288679448075927e-01
4.084408809651823291e-01
4.127062720820141029e-01
4.212088547874149325e-01
4.287527452820432128e-01
4.238680502868087396e-01
4.273620850438694108e-01
4.171356696992152835e-01
4.025531895650055203e-01
4.257427789368037896e-01
4.211929006202327352e-01
4.072142313222223975e-01
4.253323953281491487e-01
4.390118224728548624e-01
4.081579095970780946e-01
4.421949496520281020e-01
4.240212395831008396e-01
4.249686687850041666e-01
4.236740666642454523e-01
3.965460892773971513e-01
4.299953598541406130e-01
4.107259597036917453e-01
4.188430527419764182e-01
4.323013547712205584e-01
4.123678019969954089e-01
4.102374807618299202e-01
4.034842106433729203e-01
4.392447285538022550e-01
4.081337180638733297e-01
4.273838367368380520e-01
4.274752589995450824e-01
4.227566875270181157e-01
4.326873245592702810e-01
4.096080245153851385e-01
4.220975787077323460e-01
4.217766301061021683e-01
4.284712874568775698e-01
4.177963109795644336e-01
4.278645995707722749e-01
3.925294220054833527e-01
4.375631316850543961e-01
4.250034364584869273e-01
4.185741205687150135e-01
4.116336431517000349e-01
4.120209366887186975e-01
4.316380195323297198e-01
4.203129602933518005e-01
4.364382983370199698e-01
4.089692829084002890e-01
4.101775700550664983e-01
4.260856179555714829e-01
4.248783375065397494e-01
4.157060323965364734e-01
4.263869879767983595e-01
4.335047607085619203e-01
4.340008828999062929e-01
4.227779659361936559e-01
4.153897801980734328e-01
4.353609088312592745e-01
4.049203571086523734e-01
4.167507470694052363e-01
4.087917417980131418e-01
4.188560201731965638e-01
4.292190047194318625e-01
4.125957870800000538e-01
4.284474167525074706e-01
4.071436793172160673e-01
4.278396760966066692e-01
4.223177955483762847e-01
4.108372529738288370e-01
3.995820596189802454e-01
4.335327806443685650e-01
4.160837508431374232e-01
4.365383087673339602e-01
4.183518982249646578e-01
4.187312454867411771e-01
4.345684857747052487e-01
4.228519627439384920e-01
4.243796157220505738e-01
4.373856549813660011e-01
4.431918987835665180e-01
3.978923393304004685e-01
3.923563370995418187e-01
4.134692401202249568e-01
4.222378815699532328e-01
4.208304575682391135e-01
4.067574029153879223e-01
4.314848326877294138e-01
4.298786574414237283e-01
4.105951298846675646e-01
4.130062694444254223e-01
4.315404830140061598e-01
4.510155159839933092e-01
4.244125166760510104e-01
4.194454877130341930e-01
4.213735579044758928e-01
4.077322814694480657e-01
4.240023519775562022e-01
4.227637815166262469e-01
4.172342038866825309e-01
4.202361151017143803e-01
4.335933237649663430e-01
4.039587669804111658e-01
4.253315221095406162e-01
3.971846070964996644e-01
4.405952785659872362e-01
4.239970577712260935e-01
4.180074941404912647e-01
4.324493008336799393e-01
4.081006159821220503e-01
4.145497814565603512e-01
4.307230550868512697e-01
4.304524646178052305e-01
4.131124706928553381e-01
4.193176653622268102e-01
3.993439824480770062e-01
4.507731399391508575e-01
4.218092952500747117e-01
4.147269236457070685e-01
4.200368189767808014e-01
4.134214537330059280e-01
4.159676822925768014e-01
4.146978602581006257e-01
4.187169791881355518e-01
3.953647063926599148e-01
3.981210566701127718e-01
4.192694568823316370e-01
4.006672966034091066e-01
4.285980669050229452e-01
4.070345228082507538e-01
4.162344082599352957e-01
4.465289017751292167e-01
4.374478525656083638e-01
4.226189915779303141e-01
4.300489870402142700e-01
4.122819306736582590e-01
4.122208204551745525e-01
4.342335188369959020e-01
4.212733405479887616e-01
4.120771082541924146e-01
4.238321712146570497e-01
4.228321912771659252e-01
4.161563812906072246e-01
4.418655774745776643e-01
4.178078796059321309e-01
4.144042619300459807e-01
4.089036857507308831e-01
4.153670951854133153e-01
4.031689457926618814e-01
4.087475368643712637e-01
4.241177424464859236e-01
4.271329981022479738e-01
4.003723348186772890e-01
4.327541550431641681e-01
4.175661865173855292e-01
4.091726780447927370e-01
4.063725259162469516e-01
4.208149900316343617e-01
4.031387457045024769e-01
4.258910723458485537e-01
4.293651143745054743e-01
4.261943824413104709e-01
4.304324508577922481e-01
4.298484596435002691e-01
4.280606613560861695e-01
4.123427802995122682e-01
4.150154650022286895e-01
4.435119766935455843e-01
4.253510576616015282e-01
4.124503646534674606e-01
4.264083499811330280e-01
4.292145084256701049e-01
4.269082039716919907e-01
4.489670412865234828e-01
4.062652549035698502e-01
4.320429497707167221e-01
4.375894071177203193e-01
4.102014649581814942e-01
4.271779666141372611e-01
4.167001554691642795e-01
3.999390707017285718e-01
4.178764728835860365e-01
4.285778784870957203e-01
3.977051738883140009e-01
4.273466428317070354e-01
4.259728818088692193e-01
4.117672916548246742e-01
4.137179830258790325e-01
4.312644029836893433e-01
4.280873318201285360e-01
4.159534890398011719e-01
4.105645283145220037e-01
3.979884065521271386e-01
4.096540953966363863e-01
4.189907860643217186e-01
4.138970099642637068e-01
4.209666808952676753e-01
4.263491748610843679e-01
