1.173066037365989800e+00
1.296368926543578048e+00
1.234628904136046534e+00
1.171851783254848289e+00
1.129575704188689800e+00
1.233888472213126031e+00
1.204899571756789189e+00
1.118505710195646152e+00
1.251143239428669673e+00
1.179904784295518372e+00
1.107531751695106870e+00
1.178033643103069128e+00
1.242826916575938467e+00
1.265284345012976486e+00
1.151159409995480720e+00
1.142815278735468620e+00
1.223229408434435062e+00
1.241664246191838794e+00
1.242085460858002532e+00
1.225364575391010291e+00
1.210092544478746701e+00
1.114821207664599578e+00
1.223350914246621679e+00
1.119945611180316991e+00
1.095737310362085104e+00
1.253693346540628362e+00
1.181977821115903104e+00
1.218183403576554857e+00
1.118010142480862168e+00
1.246911951927168971e+00
1.137910203913193641e+00
1.199349347578971381e+00
1.136790681666861369e+00
1.189344443961489084e+00
1.126531272009458018e+00
1.188203048469910206e+00
1.142461946766947678e+00
1.295005216875417142e+00
1.193363224908258413e+00
1.196490215219017772e+00
1.199084167292147285e+00
1.172642640754608223e+00
1.166922562373396755e+00
1.252241942830892851e+00
1.195494653590119638e+00
1.231949142636029393e+00
1.153352668233075473e+00
1.110827463918802716e+00
1.166039018621248369e+00
1.192701765699304861e+00
1.207033418775897982e+00
1.240309117792325555e+00
1.263688525720696676e+00
1.166833054889210963e+00
1.105606414307306995e+00
1.209098543814997706e+00
1.114539905221756388e+00
1.253742907856237432e+00
1.217616415299982657e+00
1.187353132735815331e+00
1.302438063456732298e+00
1.205524806800524429e+00
1.203698380795334533e+00
1.226864135988698479e+00
1.204644341489691906e+00
1.243438154833170328e+00
1.298177478632591253e+00
1.176993854512605076e+00
1.182288511561674582e+00
1.215342645073425265e+00
1.195013275400865771e+00
1.203893375806661670e+00
1.239443893544587061e+00
1.179789941598129888e+00
1.144852660136576272e+00
1.224562302330049812e+00
1.155598381437459521e+00
1.245150760375581589e+00
1.186438061627373530e+00
1.154216646174502703e+00
1.179648294554493937e+00
1.228542048540995246e+00
1.181763778612403115e+00
1.177978082083934730e+00
1.212126166254664517e+00
1.162657515723485524e+00
1.190448322528311786e+00
1.150841362800252288e+00
1.252242734380120348e+00
1.171716859739887484e+00
1.175388530685939514e+00
1.133197294039791636e+00
1.144968679105637932e+00
1.282984668503224013e+00
1.226851475208460718e+00
1.171973688470904218e+00
1.241672196818653262e+00
1.136752483060928576e+00
1.308096687043670547e+00
1.281233604141700955e+00
1.213739003967930996e+00
1.133229846127908225e+00
1.236998093641089813e+00
1.211558354103042578e+00
1.077430200545658634e+00
1.201792245964240502e+00
1.229063633367416974e+00
1.212901090200269261e+00
1.242504813371114736e+00
1.104351787841392651e+00
1.221085633273719662e+00
1.213499915530174444e+00
1.202603841548813834e+00
1.268740064323765182e+00
1.186659264770625111e+00
1.193150870859210233e+00
1.189061164872940779e+00
1.280577201697515877e+00
1.192962386212189863e+00
1.221913634878091903e+00
1.271516835126687006e+00
1.198140729948310224e+00
1.225837155831386527e+00
1.316822874877853655e+00
1.294392902673753731e+00
1.160089475075599674e+00
1.144333625463371584e+00
1.191156050663059407e+00
1.143422663008681228e+00
1.235363437178332857e+00
1.151233646721167458e+00
1.223303320144984996e+00
1.199914361433792154e+00
1.268911907610182244e+00
1.250547459332153499e+00
1.242179120971577566e+00
1.166746585583502194e+00
1.189064214884420601e+00
1.269492908482087179e+00
1.275757933185211135e+00
1.120052187902870200e+00
1.165217968460616538e+00
1.191906829157358239e+00
1.180729561897399194e+00
1.175077922121446017e+00
1.253312885127665810e+00
1.197410261345339899e+00
1.274302024842335346e+00
1.112424709375612331e+00
1.252109123185693562e+00
1.165385722597990892e+00
1.220260071397253343e+00
1.232001399684877319e+00
1.253703371580202175e+00
1.209420939777085868e+00
1.198224825632860036e+00
1.128886008892673987e+00
1.135066480079782281e+00
1.226604269335223263e+00
1.173437845895638043e+00
1.202060734368946004e+00
1.218694348502461722e+00
1.181004431352978390e+00
1.238934099561477709e+00
1.270105434345203399e+00
1.133200445583336213e+00
1.154274030775810589e+00
1.180306657281351868e+00
1.183275333297477472e+00
1.215773800391353854e+00
1.077651409380576686e+00
1.165727978358684913e+00
1.135997327366752740e+00
1.254995348218141737e+00
1.193881764705299275e+00
1.276349754964627881e+00
1.098579456464490178e+00
1.238240384013842732e+00
1.115670988185696544e+00
1.319085427477403982e+00
1.274086501265737414e+00
1.181281010269448428e+00
1.186449372563873617e+00
1.296716701191369392e+00
1.145878356403404963e+00
1.214005541590750248e+00
1.231136930792756212e+00
1.152904231684856340e+00
1.176403779449467280e+00
1.196157717366175710e+00
1.232016132903442474e+00
1.195119319577119699e+00
1.246915886110358196e+00
1.157076697489361372e+00
1.157693627712855111e+00
1.166726324189468977e+00
1.216943767177764979e+00
1.160743982280532105e+00
1.210433773533993618e+00
1.215620585606540960e+00
1.144378103695419924e+00
1.230860411537081811e+00
1.280967301495202770e+00
1.129790516698469416e+00
1.186997126268356739e+00
1.185490333522125850e+00
1.222000173491079700e+00
1.280786825576636589e+00
1.276487947617211516e+00
1.178217290564944619e+00
1.256602317115389944e+00
1.224507881932252351e+00
1.213328707803651429e+00
1.234320841618117948e+00
1.243491514318763258e+00
1.192042681698989304e+00
1.227810945200548565e+00
1.176351385742086864e+00
1.228912919296207606e+00
1.201493856917829950e+00
1.187960953578262702e+00
1.261053246609796563e+00
1.255617589310048743e+00
1.195854749881679169e+00
1.180471782026191407e+00
1.221883816602024275e+00
1.198983069621683661e+00
1.167045860072050134e+00
1.229535150623908057e+00
1.247721664577221112e+00
1.254448252611361392e+00
1.138255451388188844e+00
1.227471688831369478e+00
1.211966719320207275e+00
1.154671328234625038e+00
1.186138296228098854e+00
1.202299905191735352e+00
1.130026275850703366e+00
1.070647005787816797e+00
1.259916518677556940e+00
1.255710246576317024e+00
1.160433266899557614e+00
1.261854245959842968e+00
1.236154080296682167e+00
1.263526792225964090e+00
1.199186077752970148e+00
1.217475850735902254e+00
1.117287897628635118e+00
1.238841096030202316e+00
1.193940482169473238e+00
1.146496952957875903e+00
1.140987503565504380e+00
1.187209056089268744e+00
1.233213776028071029e+00
1.173710055714926925e+00
1.172356422267384790e+00
1.175694507437041292e+00
1.222066229114932012e+00
1.229779809095343568e+00
1.172950923318584859e+00
1.224917222144572104e+00
1.200200808029207700e+00
1.211086375390513670e+00
1.190790366070054063e+00
1.164236115256432891e+00
1.149107159460159844e+00
1.121724898474900645e+00
1.249293129202591723e+00
1.201671430681387820e+00
1.230083433089454781e+00
1.197845813356287481e+00
1.238363398041787411e+00
1.257970743967241178e+00
1.114155323637247452e+00
1.213691680374193727e+00
1.246949319502283160e+00
1.304286441344327807e+00
1.128588029411497828e+00
1.173823256015858574e+00
1.154295843351605511e+00
1.214467144790066344e+00
1.182146240204387633e+00
1.221630224454093971e+00
1.210014818150971116e+00
1.148016615858232781e+00
1.117614354601573989e+00
1.162916634387446635e+00
1.217515417050759607e+00
1.263560156986867522e+00
1.277266198861090940e+00
1.173402721064271237e+00
1.182247022795124280e+00
1.205798328566977107e+00
1.241137366332893954e+00
1.202977313398867487e+00
1.126207021218495141e+00
1.261018831333261536e+00
1.244512524988711677e+00
1.153591126998936289e+00
1.251507261374411817e+00
1.311182131578544130e+00
1.160207997573488692e+00
1.160414487315441834e+00
1.225121380179427177e+00
1.134985530985088475e+00
1.174530749983461630e+00
1.158613071157765795e+00
1.159156753913283877e+00
1.187537289044645172e+00
1.180026451521045683e+00
1.257063381616918774e+00
1.256465727239007180e+00
1.182560964619096877e+00
1.198268809160142112e+00
1.281992059236594761e+00
1.241114855900799618e+00
1.240274954016681530e+00
1.202166445475931766e+00
1.221776243492493919e+00
1.201952107747830567e+00
1.134984258128765466e+00
1.252900540789951167e+00
1.111778248377301326e+00
1.200357577167929568e+00
1.219924677732688645e+00
1.230810159858654496e+00
1.267275090118768377e+00
1.247295528047510205e+00
1.148073322181515588e+00
1.285614551037806752e+00
1.246804287924828447e+00
1.199144843495292934e+00
1.210550929043025858e+00
1.212329661661596836e+00
1.155547530618136420e+00
1.259017443906968126e+00
1.286916128477689991e+00
1.271441661056262662e+00
1.223557065503012131e+00
1.145592132890124182e+00
1.178668102573176224e+00
1.165246462553912732e+00
1.193073039210454267e+00
1.204424744030995642e+00
1.263710410483696700e+00
1.035653203285632040e+00
1.074804213652422513e+00
1.228825602662217964e+00
1.219274195653988535e+00
1.244896528103681677e+00
1.185110115046040580e+00
1.228461836264126195e+00
1.101967050918447821e+00
1.126555404740156918e+00
1.206199218579063315e+00
1.239492614918308977e+00
1.204051403392937480e+00
1.287536771622528331e+00
1.254433846857440971e+00
1.178138602540923285e+00
1.246319042114135689e+00
1.245101411973474015e+00
1.252453623586819109e+00
1.276963263864118181e+00
1.214188454763072356e+00
1.181282378995586635e+00
1.158294419484377613e+00
1.127741456259352848e+00
1.272574956486155040e+00
1.213847167026952167e+00
1.259750227255339361e+00
1.279042316768627119e+00
1.210093101644306834e+00
1.088913441474762989e+00
1.232183748054253902e+00
1.215618701889281006e+00
1.206724170314358968e+00
1.162495766425211352e+00
1.210484281244873284e+00
1.126611112038448104e+00
1.226787278592438524e+00
1.235674323575944422e+00
1.228132171117672033e+00
1.193529143854296093e+00
1.141648297270273948e+00
1.239880897567738893e+00
1.222329507373610680e+00
1.196262904137032068e+00
1.115139772390457473e+00
1.110343885531260177e+00
1.277156707783384748e+00
1.199783920470143261e+00
1.197447828447598672e+00
1.211347257308438952e+00
1.223512495039588588e+00
1.197798390661577672e+00
1.209983576764428470e+00
1.156792269580491750e+00
1.280437103202201055e+00
1.210321531731547662e+00
1.141775582981684911e+00
1.146109563336409565e+00
1.207946076523886747e+00
1.186811448824394599e+00
1.182927620134015756e+00
1.232988062375142135e+00
1.152416486006915042e+00
1.213202580011720322e+00
1.073720958754772914e+00
1.244555213642865699e+00
1.258715973013260436e+00
1.224207027096781975e+00
1.110952208246315465e+00
1.193500349790827197e+00
1.213211597476090864e+00
1.174570098711209098e+00
1.177192242975519720e+00
1.262821577299167775e+00
1.219806276525021715e+00
1.168340495184906569e+00
1.160161749625299832e+00
1.178325568059044759e+00
1.200499161376814339e+00
1.248797042554352199e+00
1.180819870156945006e+00
1.154704881552174989e+00
1.266764013943865841e+00
1.225709964952890640e+00
1.161916170965528794e+00
1.126171682513013916e+00
1.254346627071359244e+00
1.155133383190908303e+00
1.230097584695172275e+00
1.172836309835784796e+00
1.234239098190806683e+00
1.197281133981464407e+00
1.276473833122996560e+00
1.210829160954919770e+00
1.201147157963583068e+00
1.227886340439964252e+00
1.201227457265440446e+00
1.210417394521566825e+00
1.220150219043334650e+00
1.215886048681218412e+00
1.203062077190262258e+00
1.295408154032609893e+00
1.127137210773643261e+00
1.191105283379033208e+00
1.210844086538659381e+00
1.105752747829654048e+00
1.239172698382716931e+00
1.195508938131267129e+00
1.186100178288963081e+00
1.181718977082021116e+00
1.169714844199466475e+00
1.155089261025705749e+00
1.279474596931734931e+00
1.179845007756796127e+00
1.287983073729409123e+00
1.224270065486046333e+00
1.170738040355660425e+00
1.197520509951385925e+00
1.197162682165102243e+00
1.250441545681692190e+00
1.337763204453976229e+00
1.234574465688616396e+00
1.150316176938158241e+00
1.170017291184798358e+00
1.247306625266120239e+00
1.276533223708764764e+00
1.139014346482372542e+00
1.192700757182561633e+00
1.221986404856829189e+00
1.100412844193697337e+00
1.183463307888697136e+00
1.186775666250063921e+00
1.281476465100170437e+00
1.135377578804448229e+00
1.241310042010663972e+00
1.246522560904369747e+00
1.261810840695980929e+00
1.223464036409546374e+00
1.153383077250065947e+00
1.252510713295387879e+00
1.217232278151977987e+00
1.231338579331835437e+00
1.225333540482260508e+00
1.290234240887636830e+00
1.190466139253758104e+00
1.158376248945764964e+00
1.239507840692376961e+00
1.150874563333995848e+00
1.238678155940612591e+00
1.252444595181787967e+00
1.233478082245444529e+00
1.266520173775786740e+00
1.211663646226956992e+00
1.155460959777075525e+00
1.113981545555081443e+00
1.261924639616930799e+00
1.205375582637517429e+00
1.232327597338555680e+00
1.108869327124645920e+00
1.238471844539237532e+00
1.178464910621027650e+00
1.137300144375305688e+00
1.219723258364929785e+00
1.166270135897446547e+00
1.167205443566006418e+00
1.185147504293553311e+00
1.224164625306052301e+00
1.146194468651800857e+00
1.190207524001115624e+00
1.262903538243350665e+00
1.097284093187009812e+00
1.189656330471225543e+00
1.208141424236649719e+00
1.203703419398510999e+00
1.207867188878688935e+00
1.271117731577896537e+00
1.216461758976171925e+00
1.277091476608947840e+00
1.310459616122893189e+00
1.166443045922245014e+00
1.243632344478605933e+00
1.114146824903575084e+00
1.136070839066310345e+00
1.174608514006598270e+00
1.184349350357156716e+00
1.174320460125031218e+00
1.130238089375298127e+00
1.181908852809970600e+00
1.194108801007067955e+00
1.201702673597573767e+00
1.131400952028056794e+00
1.243485021048043482e+00
1.220134217190132375e+00
1.167756778417476271e+00
1.147383653362005429e+00
1.282035508437357585e+00
1.157494569083402425e+00
1.112446979852559137e+00
1.219228510845773661e+00
1.143314162214853491e+00
1.202541787479340041e+00
1.147387039819455889e+00
1.171885188193848792e+00
1.226137432102390568e+00
1.253245532260270689e+00
1.168218554779282048e+00
1.163018574191811760e+00
1.126628339998288153e+00
1.216917619063106137e+00
1.155543378325532222e+00
1.303287735492144606e+00
1.204697126786077765e+00
1.195305696778193649e+00
1.155475743624814866e+00
1.271882109708634356e+00
1.219336034684022518e+00
1.170453268966910265e+00
1.138843656789765735e+00
1.138789015667606597e+00
1.186839956719331068e+00
1.220627225442354025e+00
1.238815006613173120e+00
1.181696780811440473e+00
1.201641320451158235e+00
1.218721191657819336e+00
1.165040369574082302e+00
1.280951957111400086e+00
1.277116717411676872e+00
1.152924777569098502e+00
1.202108017445935539e+00
1.164677711382208658e+00
1.198505457425381726e+00
1.274745698640182612e+00
1.156038450124735162e+00
1.161973921516869845e+00
1.141666144973076946e+00
1.331279057283970335e+00
1.137523235993982418e+00
1.251002987044192105e+00
1.197183712033715208e+00
1.153066418474674615e+00
1.147652458538398479e+00
1.154634233071424099e+00
1.181768875900840232e+00
1.203871127619203341e+00
1.264507742778041566e+00
1.165022099878468387e+00
1.118800350769178609e+00
1.242468802221946778e+00
1.135425955692568989e+00
1.156373566563569932e+00
1.164452935461548488e+00
1.128537789690363891e+00
1.175312281651994306e+00
1.188935123947226780e+00
1.212158534135429733e+00
1.164554319518861458e+00
1.197998008748859977e+00
1.191736877007026685e+00
1.235320385003198851e+00
1.283808083312957038e+00
1.209286047078718340e+00
1.233440213491784343e+00
1.237931689254991197e+00
1.302412613831279042e+00
1.236766565929475314e+00
1.196167937502884415e+00
1.291363150252658798e+00
1.160026313650118768e+00
1.219138367503597609e+00
1.148751014728682796e+00
1.158816996334265381e+00
1.243143823462104169e+00
1.200570751671832248e+00
1.145112014480743623e+00
1.213330440315880887e+00
1.289532282911281857e+00
1.160672335183225101e+00
1.119022566866042068e+00
1.247294758143672633e+00
1.276717524288616401e+00
1.182244955863362312e+00
1.312682621631660274e+00
1.126107277531328776e+00
1.260829064116903320e+00
1.223082498357323189e+00
1.176447397986607468e+00
1.172749140671583756e+00
1.242644369069675570e+00
1.254639738096417600e+00
1.173459884925054375e+00
1.222236908363324437e+00
1.223423684142024292e+00
1.179603365826676020e+00
1.171425242518846055e+00
1.190969520542736637e+00
1.184626885377830341e+00
1.236477123912757214e+00
1.056915280279540070e+00
1.140221611575354288e+00
1.165361150895585673e+00
1.139955698709851140e+00
1.184585645126189357e+00
1.178947417434065281e+00
1.221150305555246174e+00
1.173077312970097097e+00
1.158757417348103447e+00
1.182862656554744429e+00
1.148090304766622438e+00
1.177210133113342216e+00
1.270037472514536470e+00
1.170598929528160248e+00
1.225608449101736719e+00
1.103688982322326595e+00
1.124734201979748160e+00
1.222170021695043962e+00
1.239082428847792849e+00
1.140716736908355955e+00
1.268276004968147852e+00
1.188385539818954229e+00
1.191245151798371760e+00
1.194580143919768300e+00
1.257341798866726812e+00
1.243011044634226625e+00
1.184968099583095791e+00
1.169393567327325467e+00
1.149876954035463861e+00
1.165631232259947359e+00
1.199272192035676365e+00
1.196398798031182986e+00
1.254859459465797134e+00
1.251037693151119790e+00
1.241301971727970521e+00
1.164731100878562575e+00
1.149556426584339430e+00
1.144200835335877908e+00
1.227474522812964652e+00
1.239045200538155145e+00
1.209396575118205197e+00
1.211535198696710003e+00
1.152594739776374277e+00
1.183659035752660182e+00
1.247729500770031974e+00
1.171580390862480003e+00
1.249875435235874077e+00
1.191949458087498970e+00
1.183102827006965896e+00
1.210549463967960593e+00
1.217508884286560455e+00
1.142412542503365103e+00
1.191109158049634242e+00
1.146724855471362714e+00
1.223600491009110058e+00
1.183213359074643201e+00
1.310674175904682048e+00
1.204472831788872433e+00
1.246503041257390532e+00
1.216507734896710158e+00
1.161100811204902605e+00
1.245403542163175059e+00
1.094795986533786181e+00
1.217290102498951532e+00
1.222679204165850519e+00
1.243714555421580048e+00
1.156654713517419220e+00
1.247366358529361952e+00
1.151210047981166884e+00
1.215572459750781320e+00
1.280057811869212303e+00
1.178012894265435984e+00
1.237075929802167629e+00
1.228914997283268029e+00
1.118446747384671980e+00
1.162706922815677890e+00
1.218598715439547675e+00
1.281040054631632508e+00
1.100792127926763175e+00
1.147758240028598609e+00
1.104627768579931280e+00
1.079754738865814856e+00
1.151034761513269666e+00
1.246791516155110635e+00
1.209012328376595002e+00
1.169788205262908498e+00
1.209420315692712133e+00
1.207165327701204216e+00
1.218781658731354689e+00
1.277816971967745241e+00
1.129209036673085809e+00
1.200247154220817514e+00
1.256914078073328112e+00
1.260215973666073408e+00
1.175613513071156468e+00
1.170139440654061502e+00
1.190994243772487859e+00
1.247013223625343947e+00
1.257082633675324912e+00
1.140072660360986978e+00
1.204601639187685924e+00
1.197474201300760432e+00
1.197585539148862566e+00
1.151065445404123144e+00
1.262291396942789801e+00
1.175945444043106747e+00
1.205926116247050039e+00
1.220052346946194133e+00
1.218695257334916349e+00
1.191169089870655062e+00
1.173837830274704119e+00
1.174466559796597087e+00
1.139246982514872997e+00
1.113863682568481783e+00
1.158556488514905780e+00
1.205344767379449733e+00
1.234583408576562125e+00
1.144108413260661594e+00
1.185938306169014966e+00
1.148125040989148360e+00
1.205837512264272160e+00
1.136980898861216005e+00
1.137872484876691681e+00
1.179347754354223010e+00
1.136335754280012100e+00
1.219763961326992163e+00
1.175229992595905992e+00
1.147336002880545935e+00
1.207731694918456000e+00
1.165292637889865590e+00
1.157549942487008598e+00
1.257102981976813361e+00
1.150759122892590858e+00
1.142815594137331248e+00
1.179332549720184531e+00
1.230782717708035046e+00
1.189948453652750482e+00
1.198937833018957289e+00
1.180253666771755805e+00
1.249743378262269777e+00
1.087893559139406996e+00
1.175183497639550101e+00
1.287793467471215259e+00
1.190294925772620749e+00
1.234114706699658059e+00
1.289259112013865005e+00
1.251300196787250130e+00
1.252495354377511250e+00
1.190303910776034924e+00
1.067279775081634963e+00
1.158839426760370106e+00
1.177249184931191017e+00
1.065176308538282157e+00
1.200513109715948046e+00
1.207676402497323442e+00
1.201874882133207256e+00
1.204334262239102449e+00
1.186149023683024550e+00
1.253747044511812847e+00
1.091152574723131208e+00
1.255412039749858932e+00
1.264715479858062430e+00
1.178938490505159420e+00
1.120448265342512517e+00
1.289974965462617806e+00
1.260438619654519643e+00
1.191465575035886904e+00
1.249480908066728624e+00
1.088300434284759532e+00
1.258434995211335838e+00
1.222830797467340247e+00
1.167794850885703672e+00
1.218717147934257561e+00
1.191289609369240443e+00
1.189223222785381617e+00
1.263383964670778292e+00
1.219547131257739725e+00
1.278451581740650322e+00
1.162249783293570760e+00
1.206539484578190935e+00
1.180683139079064858e+00
1.324895614721485870e+00
1.209549607665389992e+00
1.200076779048876219e+00
1.187504521969799276e+00
1.139850158397717417e+00
1.246802547890172308e+00
1.115192564701310785e+00
1.281226403663684010e+00
1.227388910389310528e+00
1.263047167578407626e+00
1.181467294676775470e+00
1.201575441212552109e+00
1.258877115121351142e+00
1.115775942088267580e+00
1.195794191676038398e+00
1.293496163745912808e+00
1.177577011971367993e+00
1.215747769408020984e+00
1.143089078705031847e+00
1.147188378278642285e+00
1.270296535519867209e+00
1.234127755413931382e+00
1.201321806040957396e+00
1.180629022216662882e+00
1.168197299820785240e+00
1.163473342983746495e+00
1.283709553701732009e+00
1.211622162589026441e+00
1.229928107727694009e+00
1.196589594508886467e+00
1.205924455084357749e+00
1.148237584473858375e+00
1.204045065848919238e+00
1.178695761869114955e+00
1.125971379120218829e+00
1.205117772875870408e+00
1.180017781704807645e+00
1.162691114931335035e+00
1.216958308446084436e+00
1.235652295675044199e+00
1.158117549159545234e+00
1.192528873747175977e+00
1.245862303275196981e+00
1.292780215239315300e+00
1.261710503660374849e+00
1.177488864412000069e+00
1.163410778682169244e+00
1.241976673143740939e+00
1.179494737715151231e+00
1.223287118927237849e+00
1.217424740200931277e+00
1.248980279362918777e+00
1.174105442160286117e+00
1.095370064276598443e+00
1.280979738628505338e+00
1.197803889623504814e+00
1.137699946761719927e+00
1.306848730296094052e+00
1.282610801049022919e+00
1.187741929399834806e+00
1.278477684122404145e+00
1.197596531828715172e+00
1.148717240121031269e+00
1.259439220556537231e+00
1.217046700048556751e+00
1.180043959357061745e+00
1.195272613313112187e+00
1.204354555074236943e+00
1.232103715006532152e+00
1.217000753499520416e+00
1.295027463442622651e+00
1.235284149508289575e+00
1.188698527033300589e+00
1.206325776033889019e+00
1.184217853528127140e+00
1.179057690813220871e+00
1.182036727540253462e+00
1.182449727904235193e+00
1.267986776706717666e+00
1.234182905806596064e+00
1.192639932320314289e+00
1.186658858503764735e+00
1.242593766053576854e+00
1.171894374218512169e+00
1.210027877420607911e+00
1.154976819972276747e+00
1.159785296085930506e+00
1.154763839725442498e+00
1.164080434436860267e+00
1.205196186672498948e+00
1.145467684085852866e+00
1.241676100909223424e+00
1.180783103040314863e+00
1.214172694291372645e+00
1.266695365030574116e+00
1.167925041688687049e+00
1.161871017151675067e+00
1.190077639565988887e+00
1.275641395229824226e+00
1.154710537595981190e+00
1.128158484261731820e+00
1.218332941719175055e+00
1.195702874788243442e+00
1.187256891613142518e+00
1.201714804055614483e+00
1.156266301411700281e+00
1.248349077006185359e+00
1.217434191063175852e+00
1.094396794833806696e+00
1.156774968146324412e+00
1.220209732928149382e+00
1.119407501978611830e+00
1.200816731096824519e+00
1.211146195726024555e+00
1.276609990511685222e+00
1.221924033993785130e+00
1.225234179887880748e+00
1.241891603874331285e+00
