3.544912026568434182e-01
3.256644988787046335e-01
3.616520154148457067e-01
3.509398368763536613e-01
3.574863938327126345e-01
3.550294083079759133e-01
3.372774801876288753e-01
3.529786963107566788e-01
3.426998591732515753e-01
3.469284719535066230e-01
3.499633496227264051e-01
3.524236043407540375e-01
3.583526208623781240e-01
3.541551377112693300e-01
3.311391297669969425e-01
3.396656350741873442e-01
3.510350278986703598e-01
3.525835541382516536e-01
3.504138433037660705e-01
3.693746407166162982e-01
3.516560016626495977e-01
3.613292707837106321e-01
3.534248959731808859e-01
3.457544505126726730e-01
3.443312100894670436e-01
3.586110220037966312e-01
3.509037432123692235e-01
3.403425499640440055e-01
3.512916194034332307e-01
3.478781920917390913e-01
3.492861409553089103e-01
3.481420988003897099e-01
3.524396519627861490e-01
3.530681391406467751e-01
3.424289589914310539e-01
3.526411945132089665e-01
3.393091940987715271e-01
3.431608332600299405e-01
3.393412971611824425e-01
3.426256265125956491e-01
3.432494919468171979e-01
3.589165140579947400e-01
3.316980196570332162e-01
3.451382589953773672e-01
3.543297307970586507e-01
3.422239006816223950e-01
3.541370173801675625e-01
3.480746109056378490e-01
3.725913507264714264e-01
3.568740066446409176e-01
3.510034498260628522e-01
3.473031504030226202e-01
3.458074214273177405e-01
3.607299879896331274e-01
3.585488775375312853e-01
3.664030145193021282e-01
3.584750665258457647e-01
3.472309325389659751e-01
3.369894195223397393e-01
3.657076581842671481e-01
3.639748060524634066e-01
3.443573871541898423e-01
3.531881097629272492e-01
3.392295657580337576e-01
3.400868688668545192e-01
3.502067728492573306e-01
3.611569504231064709e-01
3.667103321551040129e-01
3.585056826646844663e-01
3.601584980364707644e-01
3.334691961401891613e-01
3.560165356119216473e-01
3.699793643609321503e-01
3.316159162062564114e-01
3.443124822106997662e-01
3.671823696396782633e-01
3.496462004793928213e-01
3.449599002240151258e-01
3.475975059584568982e-01
3.513320937098590724e-01
3.485406682310302484e-01
3.289183241023156956e-01
3.567535007544982428e-01
3.543772936627235803e-01
3.464416749476104673e-01
3.428160573219684037e-01
3.594133889519482983e-01
3.387429225161900925e-01
3.633285143359443747e-01
3.560294835343709163e-01
3.482108998104275766e-01
3.610466097346869407e-01
3.573487080578512942e-01
3.532864453458658405e-01
3.623833351012745729e-01
3.553815354203607724e-01
3.463899194617988120e-01
3.494934810437310135e-01
3.616206384095381754e-01
3.698375469718025443e-01
3.314172103631913280e-01
3.280853018168954915e-01
3.520554416388251284e-01
3.579480521533993653e-01
3.286245296055115284e-01
3.639564281660284117e-01
3.262803225005835306e-01
3.717445447675358783e-01
3.487403481307208009e-01
3.298300859256240725e-01
3.436434282865454271e-01
3.513041316577838469e-01
3.603187016295018585e-01
3.596115108000179639e-01
3.445792439506719096e-01
3.562678263134915202e-01
3.410358399161439458e-01
3.579808481310544077e-01
3.555562750675498873e-01
3.662537599082965611e-01
3.390469176960104192e-01
3.463492722898103837e-01
3.682489158301572307e-01
3.431986747009299066e-01
3.506621339143866645e-01
3.332204852178352050e-01
3.320594745461165065e-01
3.426437137157127832e-01
3.451144261235791766e-01
3.582704187382226291e-01
3.207022221502103254e-01
3.535887565793569554e-01
3.585456537473017957e-01
3.560497014305518682e-01
3.628644604607471069e-01
3.462314896668680642e-01
3.562854709588419988e-01
3.520683058958971046e-01
3.592876544432870856e-01
3.540119863683344192e-01
3.446512482575818659e-01
3.516124611638772324e-01
3.451637310479462872e-01
3.413168958413576037e-01
3.647429578134984696e-01
3.494355633550416673e-01
3.445850652122978142e-01
3.555777472289288754e-01
3.498416011722041974e-01
3.485142129615068085e-01
3.421339242426154614e-01
3.519527165395726631e-01
3.559367972065987651e-01
3.837765428894965303e-01
3.391114422870495915e-01
3.583079092364356288e-01
3.538992880713994760e-01
3.540026903308637340e-01
3.500498447619481146e-01
3.518354219212099232e-01
3.652148413677345218e-01
3.580951710764436746e-01
3.646022903859012509e-01
3.493147697966513254e-01
3.462568794677050588e-01
3.771794694978958806e-01
3.499755365308823696e-01
3.467165713340810140e-01
3.542473144688721987e-01
3.472863940882351952e-01
3.336574249557267002e-01
3.299708987961229578e-01
3.583909444357136209e-01
3.357786232486262290e-01
3.556422370288687684e-01
3.494720152861701679e-01
3.602185081424918445e-01
3.735599221719493324e-01
3.460482991106106909e-01
3.474561513024137516e-01
3.639006129695122049e-01
3.550357885601271302e-01
3.430399675470811593e-01
3.454801370689099538e-01
3.597643168217948273e-01
3.574781875714846957e-01
3.466644978346343220e-01
3.401262256558006958e-01
3.437283233254375681e-01
3.440531759245600840e-01
3.549964842129765263e-01
3.328255349390948359e-01
3.549736813366910493e-01
3.677340073574651980e-01
3.669955166980719552e-01
3.617422951394382857e-01
3.377179857134714469e-01
3.508719852231425573e-01
3.356175118063196572e-01
3.634653099937980025e-01
3.616184833693983913e-01
3.611623538312462856e-01
3.325692784427839999e-01
3.526004018386617589e-01
3.806279419144144582e-01
3.353865229217453670e-01
3.390807876966420165e-01
3.463023078005791344e-01
3.272722723195555239e-01
3.542252120089388612e-01
3.391625375262228848e-01
3.585084311057617490e-01
3.592372940169074047e-01
3.323933713122761424e-01
3.497141890998908820e-01
3.525887577332132428e-01
3.574069892066749632e-01
3.262264946609593208e-01
3.537279842195583113e-01
3.552788297068179557e-01
3.500506454840675574e-01
3.460703853897137972e-01
3.710294575580866949e-01
3.290862461936147620e-01
3.350723712157264167e-01
3.440365984856760817e-01
3.524702747982181306e-01
3.552120086918845177e-01
3.710572063111250984e-01
3.541530499537413057e-01
3.430007305861964007e-01
3.465049577974895767e-01
3.371040306424074595e-01
3.520569369600652365e-01
3.569622624657177168e-01
3.086537138766020094e-01
3.638483344618844706e-01
3.459042349970914976e-01
3.587440475424609754e-01
3.580322589017025936e-01
3.556807316506338523e-01
3.495296528871453257e-01
3.477911479905528847e-01
3.428570031639507354e-01
3.270189587907670892e-01
3.343463702341549770e-01
3.812909773376387257e-01
3.426988898330723954e-01
3.364591331764598681e-01
3.565174128893612848e-01
3.330073582746284067e-01
3.561234355055646339e-01
3.273738528746997223e-01
3.346792214849734770e-01
3.478410991270812769e-01
3.625569783842805260e-01
3.694227169233986752e-01
3.666701135577262183e-01
3.341862840998923168e-01
3.634546244314911800e-01
3.688176687683588084e-01
3.634116931498826975e-01
3.401103304589712106e-01
3.481214278864764866e-01
3.639393405124984326e-01
3.320574586315627741e-01
3.336498466966684728e-01
3.669950694932062052e-01
3.718708297244195382e-01
3.426778683120939029e-01
3.512955450835832383e-01
3.412402914390209041e-01
3.770880401292467377e-01
3.635437529344497376e-01
3.655247603922391342e-01
3.460366417345474011e-01
3.588139313038969380e-01
3.496322006873981980e-01
3.420944715898259214e-01
3.326743072537350354e-01
3.399455831092383362e-01
3.471479816953974007e-01
3.424951357385233597e-01
3.637565257012432829e-01
3.310444272059648863e-01
3.572814763832521945e-01
3.376957696595023206e-01
3.553134685141038362e-01
3.584912706875714727e-01
3.641120468061969095e-01
3.526430819984605058e-01
3.748973755947477282e-01
3.547931114642884909e-01
3.361978049375748956e-01
3.686094647903087607e-01
3.512753434231404848e-01
3.367544634176837248e-01
3.489855080557303646e-01
3.434624239037204485e-01
3.835108579631576475e-01
3.362338947963914859e-01
3.423552526552602338e-01
3.554231605283411644e-01
3.744950792459142419e-01
3.587500113783276268e-01
3.545136095900168205e-01
3.431942287055307905e-01
3.448635345026644372e-01
3.618154648732396783e-01
3.578058136052290061e-01
3.569664719941770814e-01
3.354368428978730110e-01
3.730199749794232966e-01
3.370461851575700107e-01
3.500971363598331942e-01
3.465257091040469528e-01
3.644161468027362627e-01
3.652194607889744926e-01
3.486857359363174647e-01
3.770119545864529242e-01
3.558123910548672830e-01
3.499455980408002209e-01
3.396163922665699220e-01
3.520762417353117679e-01
3.314129613120407325e-01
3.590852893496250253e-01
3.597077181260298073e-01
3.535891649387888358e-01
3.428339221665405723e-01
3.448591813999821176e-01
3.506980573328130624e-01
3.624251676561571767e-01
3.511610249480109913e-01
3.320698159886923406e-01
3.703050893122038500e-01
3.521973333561126407e-01
3.568078353061489016e-01
3.704192635651226695e-01
3.487528695431553194e-01
3.603332333374429375e-01
3.434576400404005803e-01
3.424827146318718540e-01
3.467094910340380309e-01
3.587530954159229846e-01
3.520447786454081185e-01
3.421827954459527033e-01
3.427448001671941080e-01
3.519533180655438631e-01
3.435134916448829290e-01
3.560808125678524561e-01
3.510427597589232396e-01
3.437925371796288765e-01
3.391835411869241201e-01
3.342978002181477004e-01
3.566878986433759668e-01
3.375416318705924956e-01
3.479366849303780485e-01
3.527819692518962547e-01
3.600327757549608432e-01
3.553747361167715613e-01
3.413482599910878101e-01
3.452202984119087659e-01
3.488543362836109551e-01
3.516054586195558329e-01
3.837087346361740536e-01
3.690057868532703456e-01
3.390151078683086849e-01
3.613843496799487576e-01
3.381912790938781943e-01
3.519739934899786538e-01
3.492787182471031593e-01
3.554865290679820600e-01
3.643359353074849261e-01
3.552739490233427500e-01
3.524065060074337841e-01
3.477256229304230839e-01
3.580130900732758636e-01
3.556621228792323786e-01
3.531283834572798153e-01
3.662486839057823018e-01
3.390937678774371689e-01
3.700490380527662326e-01
3.461994658555364035e-01
3.603482620067801623e-01
3.592059848251077936e-01
3.485619775343217208e-01
3.453537006523831332e-01
3.527744393783371346e-01
3.598512544466532792e-01
3.713910018236727950e-01
3.455534302819739390e-01
3.640506197365494523e-01
3.322817690935793711e-01
3.488539831529555713e-01
3.293126055335685587e-01
3.751828540813254564e-01
3.498364503823327420e-01
3.487762061171890138e-01
3.459071516657049039e-01
3.460947931752959561e-01
3.490442012782785097e-01
3.385629784511723916e-01
3.621932093438016143e-01
3.555207357563419102e-01
3.512871570803873800e-01
3.323141531464273712e-01
3.593902502831414214e-01
3.456927738075371570e-01
3.602533604354445917e-01
3.608314520852529128e-01
3.372294469346515111e-01
3.255470676217616099e-01
3.591381033525409827e-01
3.533768603045618906e-01
3.430487591381483070e-01
3.684994401885396398e-01
3.418521108436785028e-01
3.590931088490288969e-01
3.273094681585381194e-01
3.398608076035118386e-01
3.440279784379158823e-01
3.633573033273876374e-01
3.434558122047446371e-01
3.531106330567025942e-01
3.342046598476640096e-01
3.343067948235902143e-01
3.438296334909725638e-01
3.477312419564612678e-01
3.446627523128054094e-01
3.610139063657095138e-01
3.576316746747941755e-01
3.519222208147876896e-01
3.421567425176895161e-01
3.672817433316860058e-01
3.443995771506762060e-01
3.540625911100179768e-01
3.541632622888339355e-01
3.452581622683630336e-01
3.287692533062406275e-01
3.603578055327152363e-01
3.558840060837384911e-01
3.378300989935759668e-01
3.489122486178011795e-01
3.531461979172892396e-01
3.460887383335290446e-01
3.531246223108383542e-01
3.449587939194498909e-01
3.487526036713152200e-01
3.408591503169197123e-01
3.480912346755746789e-01
3.672824967427556486e-01
3.202314435047906027e-01
3.345906406031816660e-01
3.430956684169355619e-01
3.427901722606228607e-01
3.561185806243729046e-01
3.649462558517089228e-01
3.307993226468307624e-01
3.573610429848590453e-01
3.517290027671107211e-01
3.603214568748954738e-01
3.562784203237230884e-01
3.539569477794542451e-01
3.285236414633823654e-01
3.477574283513488740e-01
3.420565613447161257e-01
3.439075479930964740e-01
3.524304142136767126e-01
3.402654206306792162e-01
3.367165390434972982e-01
3.791598841506673701e-01
3.698640711959309546e-01
3.249284946673109964e-01
3.531863063514506518e-01
3.475491155262063203e-01
3.675618470111360336e-01
3.492918229219984516e-01
3.574231092616464434e-01
3.469119882755381523e-01
3.508498902504775252e-01
3.467317116965222268e-01
3.347045907322023783e-01
3.602222191545990659e-01
3.373409830970480194e-01
3.672854190238669658e-01
3.451790378747383592e-01
3.505390356462362855e-01
3.517936878067893236e-01
3.630529907808457968e-01
3.362489435391548542e-01
3.475586917699374223e-01
3.457726613777677982e-01
3.547298394430508095e-01
3.513832255198185983e-01
3.552389562413405533e-01
3.518964042104169021e-01
3.449733703789660821e-01
3.302210737317555211e-01
3.429565969357905031e-01
3.416409958777088529e-01
3.456792195075498175e-01
3.554803719502683257e-01
3.346375896825535823e-01
3.300737551901434252e-01
3.286581362188435440e-01
3.497974775186858398e-01
3.514629217307208009e-01
3.559358701487335130e-01
3.541819191967238156e-01
3.587952317536197699e-01
3.494640655001565177e-01
3.413704112236716770e-01
3.418151165482633536e-01
3.536838356070008960e-01
3.552596911529052326e-01
3.316715343863209098e-01
3.462131084444284301e-01
3.439256201902983756e-01
3.784455504346729837e-01
3.600271515084313423e-01
3.684240358691730499e-01
3.606434414533956079e-01
3.553622473621573241e-01
3.523876487530704926e-01
3.514199342659523606e-01
3.775459460107131182e-01
3.559088365941045495e-01
3.402376044153566093e-01
3.542645037407557984e-01
3.512887431756972489e-01
3.452462821533697213e-01
3.570608184276379826e-01
3.501528863701797167e-01
3.484058830987020738e-01
3.482759514112123700e-01
3.560882557513000979e-01
3.757595567796962466e-01
3.596785956983977739e-01
3.597705767100176644e-01
3.449676112925756932e-01
3.613405705136736867e-01
3.309330058212995862e-01
3.462349577727612537e-01
3.399828024659000136e-01
3.466427954033138858e-01
3.375576704764083891e-01
3.484322041631254252e-01
3.479455911943371560e-01
3.580665911787401789e-01
3.399195607483043169e-01
3.381437982453674440e-01
3.653287698152389296e-01
3.533336349145114741e-01
3.555570134064688914e-01
3.338790572444227944e-01
3.560278460654496824e-01
3.407572540890360102e-01
3.473233775462288841e-01
3.612168604534314320e-01
3.580131560674917335e-01
3.454760183651986449e-01
3.304822747779603831e-01
3.601032491529324031e-01
3.548229016764601340e-01
3.578612811357935741e-01
3.408612637218544905e-01
3.619185117675751129e-01
3.301706671474620158e-01
3.593685703751556271e-01
3.669177740923063591e-01
3.459650188387484171e-01
3.734300510561149311e-01
3.468169266915211990e-01
3.638264492463784694e-01
3.525711736108039784e-01
3.374544547961977892e-01
3.472753516007514030e-01
3.382655897782401166e-01
3.490690659600295120e-01
3.459128727386915902e-01
3.268904666653709712e-01
3.555734801761374353e-01
3.577795367667470083e-01
3.319014874530241133e-01
3.427010709397450006e-01
3.536624275465109490e-01
3.418948250253853183e-01
3.592101738289755208e-01
3.607233875202458528e-01
3.452068296471904052e-01
3.683282100960733607e-01
3.479346813264856952e-01
3.800543428683020863e-01
3.359321223519252109e-01
3.306679738903604560e-01
3.452513994551854593e-01
3.625525330580792183e-01
3.458873204544635760e-01
3.582523195904783742e-01
3.366953162105538189e-01
3.538489048967730088e-01
3.499823822635177439e-01
3.468451185209474597e-01
3.544147830839534663e-01
3.555129414368344287e-01
3.702804423710529536e-01
3.546815757842735062e-01
3.417919321352501094e-01
3.337592303310603081e-01
3.523816762328705332e-01
3.191325699402297600e-01
3.398650572972615191e-01
3.443298953083115954e-01
3.593027140048653534e-01
3.503581767928778401e-01
3.610827850486497681e-01
3.245522925165084671e-01
3.560418937821910323e-01
3.449177888998970487e-01
3.542302067743177685e-01
3.571356999617927297e-01
3.670713124624056523e-01
3.615061748118018059e-01
3.408315399802167023e-01
3.742756758443708254e-01
3.516695709025829397e-01
3.705349144836914133e-01
3.449489438390577201e-01
3.615133335275907966e-01
3.436053042414583536e-01
3.530692770818288917e-01
3.493155668817141124e-01
3.582506537695465121e-01
3.487692004314529859e-01
3.646351783524283130e-01
3.379967543929033313e-01
3.581674598585343761e-01
3.364574040776477926e-01
3.641799505111992241e-01
3.360253236970660029e-01
3.495323492506998142e-01
3.528262136907355240e-01
3.588498181342882343e-01
3.209145491510955739e-01
3.554684705593829652e-01
3.501695333242577091e-01
3.427828400898788042e-01
3.411233044914738777e-01
3.286675429681159555e-01
3.635082664038097322e-01
3.334876562218349050e-01
3.481528817820565558e-01
3.385938667358132093e-01
3.710891434584616122e-01
3.473718479997183750e-01
3.440905288806818119e-01
3.381289240832554555e-01
3.441721496380024115e-01
3.428705335262643983e-01
3.405889618366143567e-01
3.628657653127115301e-01
3.372461710151493097e-01
3.296300934783712999e-01
3.380241356963803456e-01
3.749397225572280168e-01
3.397660527060068492e-01
3.664508353256375472e-01
3.446168897836785483e-01
3.419836855727649838e-01
3.421260819432420108e-01
3.611905453861976034e-01
3.447814336437903249e-01
3.417682239103916886e-01
3.580827899243789192e-01
3.616969028231204475e-01
3.314448902488739690e-01
3.325339008008005304e-01
3.576835700253664374e-01
3.540097524621261815e-01
3.400989909837563996e-01
3.393557024618919504e-01
3.668879406136950072e-01
3.621044189084718923e-01
3.581889432839158172e-01
3.386014373547696632e-01
3.529499418828429547e-01
3.423836056705917286e-01
3.417672763991821960e-01
3.486831026904327890e-01
3.602076303325417728e-01
3.657718927658205610e-01
3.581987543450589340e-01
3.528552167811478402e-01
3.658138682073055481e-01
3.564295858418746188e-01
3.326663718340044928e-01
3.615650136135501458e-01
3.498735778023827625e-01
3.438725002370944805e-01
3.320940265107269473e-01
3.379239020727091702e-01
3.492416120322782702e-01
3.563216774020004918e-01
3.496301567392985366e-01
3.635388750622077780e-01
3.409866480260828614e-01
3.443639030212697349e-01
3.452067621742593295e-01
3.711268126927356192e-01
3.250911331520623948e-01
3.466398194580578851e-01
3.112437623273776044e-01
3.347361270832397984e-01
3.584321442190875895e-01
3.517425069727950770e-01
3.576387834976550995e-01
3.378430882074394126e-01
3.442014338854602062e-01
3.413297900045677014e-01
3.594783992438002618e-01
3.605286530030584746e-01
3.424511278962725780e-01
3.297761734607740913e-01
3.626816501242273727e-01
3.328346575863239121e-01
3.537183418961409864e-01
3.428034550708581873e-01
3.494518385828513374e-01
3.507113547950060917e-01
3.575658388239105756e-01
3.618309277515983080e-01
3.420047442814170835e-01
3.583103316405455985e-01
3.556177349978995594e-01
3.513448024662810254e-01
3.506312524096335537e-01
3.379784584416025695e-01
3.249407338647959387e-01
3.376772026781718616e-01
3.561916080502338655e-01
3.524708041496510957e-01
3.350449231568222164e-01
3.466019256948381089e-01
3.504610026653012800e-01
3.550928413386686966e-01
3.611275924268930737e-01
3.492441170024050967e-01
3.271935413056935027e-01
3.520187879197131386e-01
3.463519693239728303e-01
3.452223078984705262e-01
3.485234476077843646e-01
3.631810430965767278e-01
3.367639731656020263e-01
3.432292041082080081e-01
3.759644527596447960e-01
3.431149841294848235e-01
3.633583580646831401e-01
3.646197262480004864e-01
3.536757592650149329e-01
3.582767839914234309e-01
3.561608100728172466e-01
3.471471420551537346e-01
3.310838445463940016e-01
3.550600903601809355e-01
3.575185645154363989e-01
3.401247915603751726e-01
3.611121157399810322e-01
3.417872225460912849e-01
3.538812758104223910e-01
3.621557960962251133e-01
3.497730989010310321e-01
3.508999811275211878e-01
3.796807535619348695e-01
3.524335503606095821e-01
3.338862458695475155e-01
3.681258853295212852e-01
3.446972683542177673e-01
3.439767197684355793e-01
3.505563813385699778e-01
3.442322836808688336e-01
3.697203159989445043e-01
3.510802791313692439e-01
3.409095133236624831e-01
3.429719196560079841e-01
3.664558614389323843e-01
3.771035669579071437e-01
3.583981886381401583e-01
3.590874644940624805e-01
3.612169451162773326e-01
3.184261919336612290e-01
3.524624676436949877e-01
3.761427954875830038e-01
3.351028869076501659e-01
3.441995865235653596e-01
3.568337138934544184e-01
3.764504582277329314e-01
3.731175950334582603e-01
3.648526159161236126e-01
3.479484589025340080e-01
3.460293463611113229e-01
3.685025781709986292e-01
3.497084201150187366e-01
3.463790431687299720e-01
3.212657440192399072e-01
3.441625346930911600e-01
3.286749185238086457e-01
3.448153523894824657e-01
3.214001010415737380e-01
3.420388428173971596e-01
3.352074520966484839e-01
3.411789353037594785e-01
3.452081350921982206e-01
3.433402741236151190e-01
3.723140551925781527e-01
3.551398248173186500e-01
3.541214627543748383e-01
3.344391619640281199e-01
3.383435751324085916e-01
3.609459827550278721e-01
3.572754900321344351e-01
3.599333065348391258e-01
3.574522836177727036e-01
3.625862322030115603e-01
3.313355584575333745e-01
3.450904773660499192e-01
3.613229072806683484e-01
3.552024485284806521e-01
3.595004253850191955e-01
3.554673614060356868e-01
3.502304377059481943e-01
3.557005291923723278e-01
3.813846669493221042e-01
3.552844889528822270e-01
3.362350235455008329e-01
3.718657683620952836e-01
3.511805588026971070e-01
3.133011055144618306e-01
3.616084207857446220e-01
3.495771408594344209e-01
3.524718841785438594e-01
3.469206792332821809e-01
3.578594972087544845e-01
3.643187017489457058e-01
3.461539491278442515e-01
3.450033817821347437e-01
3.354524843905311582e-01
3.311558127458853473e-01
3.558118583166508531e-01
3.709369211681319833e-01
3.439453008010972535e-01
3.364994793707761223e-01
3.444795793629676361e-01
3.468548252978732038e-01
3.397074704637229603e-01
3.358023245440512339e-01
3.384245621236149915e-01
3.581771363531986441e-01
3.523628263080724743e-01
3.662155544934236340e-01
3.329307533121468321e-01
3.278467458063114015e-01
3.380004979330738513e-01
3.393609356583013326e-01
3.325571598104574145e-01
3.403327716865094388e-01
3.570071977565547061e-01
3.581997453924446462e-01
3.390959004533432020e-01
3.603282334985450919e-01
3.616627835183935935e-01
3.708230772374740414e-01
3.480938182481164156e-01
3.513707571952383590e-01
3.478189393664712359e-01
3.426302959407897530e-01
3.559303542195305647e-01
3.583925262774221299e-01
3.584657356150383611e-01
3.558824918234237411e-01
3.506721783334740827e-01
3.563453329108026701e-01
3.484196202145083965e-01
3.487622081587612999e-01
3.619234407768955331e-01
3.611740407007290599e-01
3.403664069109941792e-01
3.405383386408747937e-01
3.398485539754630969e-01
3.313122105498184089e-01
3.445919600329363508e-01
3.535860868951283265e-01
3.478279230072734984e-01
3.472012334099668363e-01
3.240867890599456458e-01
3.461489825055322767e-01
3.640907224300833356e-01
3.541317039840306546e-01
3.561423121239054579e-01
3.476504246824742017e-01
3.525096780621639891e-01
3.456848513776451526e-01
3.538692321758609705e-01
3.349705203897863082e-01
3.578920257134089455e-01
3.659166186098724016e-01
3.641439087366259986e-01
3.508411144202138177e-01
3.543911824883024808e-01
3.315908513951277836e-01
3.627238439958625493e-01
3.435365973348839530e-01
3.482793570567124242e-01
3.495104145806626761e-01
3.564331098277318532e-01
3.571003711528134561e-01
3.556655692810155589e-01
3.467634879248810975e-01
3.503089512568581254e-01
3.610200036338712115e-01
3.395711944307015506e-01
3.509034704050751907e-01
3.722286669515486590e-01
3.363316160172839520e-01
3.531005680716362005e-01
3.637827191359178092e-01
3.555397382358162495e-01
3.694455089320444197e-01
3.629033032725393348e-01
3.602880629174923799e-01
3.515626284548182268e-01
3.440091148219905914e-01
3.560161744108330528e-01
3.531745904506606859e-01
3.560085995202839637e-01
3.760358234560966517e-01
3.415983688007228070e-01
3.613394061200189133e-01
3.409687285503973930e-01
3.619454685109654291e-01
3.453829375053305561e-01
3.577761422322625617e-01
3.578837878627654789e-01
3.453273725744208100e-01
3.266439862502559799e-01
3.537961549755667678e-01
3.363204065285070876e-01
3.415881352247246983e-01
3.301578029516908930e-01
3.494653700738076241e-01
3.603126292201107583e-01
3.298146745991749618e-01
3.529608335163754163e-01
3.567744147983463177e-01
3.535398807696622514e-01
3.613393932953223309e-01
3.429712642833007696e-01
3.491297140298426638e-01
3.544498371132563941e-01
3.636209181597805928e-01
3.500409284987445746e-01
3.423384859766487320e-01
3.527845120767678644e-01
3.424573454188100663e-01
3.218450868837967604e-01
3.191301265976613233e-01
3.312635101746809196e-01
3.530162721974061668e-01
3.442003784859595239e-01
3.457947100999422818e-01
3.420551957949715116e-01
3.469817797040615215e-01
3.606968091244161512e-01
3.484805489041521986e-01
3.416020405608099497e-01
3.420959254996940313e-01
3.559506371703578531e-01
3.556276355688414159e-01
3.435461450054242416e-01
