5.959168942996707630e-01
6.008579073447208874e-01
5.925633848116531599e-01
6.083232527251445365e-01
5.785428768625032747e-01
6.062161581233957985e-01
6.319435155467637566e-01
5.535542801023805026e-01
6.201594854304459670e-01
5.961413375804518466e-01
5.807311416932107173e-01
6.391573975478199721e-01
6.015054720224215501e-01
6.066643105176462436e-01
6.038753421200515614e-01
5.992749898223472815e-01
5.803438647191540012e-01
5.982153881234281156e-01
6.129005742930001555e-01
5.937349581880094762e-01
5.952732589845902700e-01
5.574004654701926187e-01
5.868687452288751105e-01
6.142257148441215842e-01
6.142937334455329523e-01
6.128268461672112810e-01
5.975457098513484722e-01
6.080309225991098465e-01
6.032915530748976796e-01
6.079101906068520300e-01
5.953617020583619190e-01
5.894781641749499146e-01
5.874229781860450528e-01
6.200490209229782002e-01
5.486071006386435966e-01
5.950868755736831162e-01
5.966778628107820559e-01
6.142612159645165493e-01
6.024122294527701760e-01
5.948227213117006640e-01
5.964453930192278319e-01
6.014307781178706014e-01
6.285995596655020723e-01
5.943182214426631083e-01
5.701561978632351257e-01
5.971473806225575665e-01
5.813833728087692831e-01
6.137271734410484347e-01
6.193876830469234873e-01
5.996173750996809382e-01
5.767394636694164189e-01
6.172043463206511316e-01
6.085657105604845851e-01
5.917744031052106779e-01
6.094794823034053177e-01
6.279049978527372344e-01
6.071163589318679943e-01
6.102034974700168979e-01
6.487438800684239837e-01
5.751098733943835750e-01
5.888803157861410842e-01
5.860853147589341061e-01
5.876663866384452817e-01
6.291776698699309556e-01
6.025200115218983798e-01
5.827128465014030922e-01
6.072640588628430702e-01
6.169519511236146725e-01
5.900022514465070866e-01
6.054074748796582917e-01
5.627410218626944793e-01
6.195455934481279847e-01
5.845583719157094738e-01
6.134956672871995087e-01
5.697585537724151328e-01
5.998226872767483675e-01
6.008236067929076940e-01
6.431187612923968677e-01
6.153763467478893245e-01
5.842043548113489138e-01
5.934866370914088085e-01
5.649234316353867191e-01
5.802260541114716563e-01
5.873623359349640083e-01
5.842814989808994275e-01
5.931496169000060048e-01
6.289407043999296620e-01
5.793794657163927608e-01
6.100396785895710883e-01
6.469654006364179422e-01
6.248006880127411344e-01
6.350053874581419455e-01
6.196784070094080166e-01
5.779422018067755795e-01
5.763235596564200147e-01
6.382026080475894370e-01
6.133466902780991825e-01
5.995300601146518193e-01
6.160376868193448985e-01
6.159036764742867875e-01
6.466925115169794847e-01
5.815156988488041634e-01
6.107340002973142834e-01
5.877164952538584952e-01
5.738546126657175783e-01
5.813194469008008403e-01
6.134409990452783790e-01
5.904282608967170720e-01
6.489662703035510294e-01
5.874767804887471856e-01
6.027518401632939726e-01
5.886887331473347196e-01
6.288293849709201133e-01
6.090161851906141788e-01
6.139190598018141598e-01
5.742566830865261096e-01
6.009316194413537593e-01
5.824784394924047426e-01
6.055847633647929440e-01
5.757678208927240471e-01
5.816071678362333408e-01
5.820025984135592800e-01
5.637246538912810134e-01
6.473974841970071559e-01
5.733167309630228248e-01
5.711749533886041341e-01
6.015954873772514366e-01
5.710369239277401920e-01
5.380974163699906443e-01
5.749140190409188778e-01
5.775090074376746374e-01
5.856191656553133562e-01
5.819007205305406494e-01
5.748946552074901684e-01
6.124565881168442250e-01
6.171642505818409896e-01
5.955160768511220670e-01
5.715974333122169071e-01
5.787547383363675912e-01
5.663995545742043225e-01
5.907752074090978356e-01
6.198130952750376954e-01
5.956358272982295032e-01
5.914376357690785957e-01
5.979825274889368769e-01
6.178946739235795516e-01
5.687386076398366352e-01
6.097115954550793582e-01
5.582404292937204193e-01
5.769156987134845815e-01
5.721044432323012519e-01
5.813484552032087693e-01
6.499418921040179820e-01
5.838875389590205689e-01
6.115807189524680165e-01
5.959942371880267986e-01
5.869561729083817569e-01
6.428296765732801621e-01
5.992619298405377215e-01
5.589947893108559995e-01
5.749753405844850729e-01
5.855778178200770068e-01
6.306254809799539673e-01
5.922032527290842507e-01
6.073161293140109107e-01
6.315916749968730759e-01
5.977418635516630330e-01
5.745637962556175982e-01
6.080831673093067824e-01
6.043891671073107208e-01
5.696271557440627520e-01
5.930090198252552236e-01
5.717296747745058694e-01
6.024599245022319582e-01
6.137664531655466771e-01
5.846713839385674349e-01
5.739199654440581000e-01
5.956513901396515154e-01
5.982988621908365001e-01
5.789040304134452919e-01
6.187378236421833266e-01
6.094302194736804790e-01
5.846018864664861425e-01
5.545595580095702415e-01
5.977867602580220208e-01
6.139540291446665687e-01
6.078728997527731437e-01
5.847667902578788102e-01
5.941322506427937356e-01
6.019474589921531837e-01
6.150672695326919737e-01
5.984732750293841885e-01
5.752211716766475469e-01
5.996116264898561088e-01
6.176721112091650978e-01
5.984520300066479281e-01
6.304254931233470582e-01
6.109380449542821667e-01
6.461814338068269103e-01
6.146958278691584399e-01
5.750759837648299344e-01
6.043703230833048501e-01
6.083164446898668976e-01
5.660701856020555756e-01
5.904444818078398161e-01
6.278928586643417464e-01
6.176884313139326954e-01
6.113856071634946598e-01
5.764444308772302961e-01
6.116311534561411634e-01
6.102541451124540162e-01
5.875910721653235802e-01
6.484782780573893346e-01
5.752731637483563532e-01
5.882427786345584275e-01
5.688079642053291973e-01
5.953830598987972511e-01
6.144693501407987313e-01
5.976638014713921976e-01
5.865086341072388576e-01
5.898630198071505015e-01
5.945610535095007254e-01
6.093657822751926689e-01
5.824061057023045551e-01
6.027150924326727388e-01
6.052054527731718370e-01
5.573665396813993755e-01
6.142090538512355868e-01
6.133942748792534649e-01
6.039393863288731179e-01
5.965921331299942620e-01
5.782827090329492048e-01
6.069870236943830655e-01
6.099749948067779703e-01
5.594680713387082394e-01
6.203731859116569103e-01
6.171692410487497060e-01
5.680597735782850766e-01
6.058012933059447880e-01
5.752130653220011158e-01
6.006432507291593614e-01
5.719590113045940338e-01
5.952526984707562363e-01
6.175081782130846797e-01
5.979540553811936165e-01
5.919271676077157984e-01
5.711012363283611837e-01
5.950807628834399177e-01
5.957775171645715018e-01
5.848163121967382416e-01
6.022831886726346395e-01
5.908516564011208061e-01
5.747270416824319383e-01
6.261499726501099650e-01
5.675406831101053040e-01
6.177017094928366481e-01
5.857467953304210662e-01
6.244441510795943895e-01
5.898514076764127534e-01
5.995132700590950492e-01
5.908743111659943148e-01
5.885413310379618013e-01
5.848506257459062940e-01
5.925718662212948740e-01
5.955266114538491085e-01
6.220763462532482579e-01
6.252687980718957261e-01
6.069068542376946374e-01
5.775574007943399257e-01
5.789384915402593368e-01
5.645972495802602520e-01
5.994766724157338800e-01
6.226210786618321391e-01
6.228446101770949150e-01
5.914164438201848784e-01
6.045179120014194663e-01
5.994979181326250961e-01
6.056783224770656560e-01
5.811082512937189026e-01
6.100839560938193795e-01
6.358658911286216853e-01
5.840679503105510317e-01
6.334570148008420443e-01
5.909492846795724175e-01
5.845418008669378551e-01
6.222318146313001730e-01
5.793488016466035173e-01
6.198520513426410972e-01
6.047499983110814492e-01
5.756077543536076702e-01
6.028163667105566059e-01
5.909437987918260138e-01
6.156888958290659408e-01
6.086920430701870943e-01
5.880576833125661373e-01
5.900020603634186234e-01
6.190445114258212866e-01
6.597871035882246771e-01
5.572170523601260861e-01
6.093874110792604215e-01
6.125750525519314538e-01
5.670048369958975432e-01
5.634074132784038236e-01
5.837676726853444631e-01
6.191270752307203029e-01
5.802206804824358022e-01
6.216766235274395758e-01
5.933260428471225367e-01
6.443211554122382223e-01
5.950814915403640493e-01
5.782380325206796234e-01
5.815982564423434198e-01
5.977121795916041647e-01
5.943034045280524147e-01
5.778829013503594680e-01
5.982915125958416791e-01
5.775571297755907052e-01
5.946532283460437274e-01
5.857587439834324172e-01
5.999214782591646422e-01
6.022246611238362135e-01
5.819003903853533499e-01
5.721662913154043073e-01
6.319222244418044587e-01
6.432297167987217623e-01
5.923731458903669367e-01
6.022962110504349598e-01
5.841643164628543827e-01
6.048934190715716808e-01
6.008891464904906332e-01
5.768877061369124259e-01
5.580665395420141284e-01
6.001426982266085952e-01
5.828505972553418291e-01
5.613316876773267738e-01
5.840766570300273131e-01
6.113715601322152748e-01
5.967451776145125120e-01
5.505227685585915021e-01
5.604076086107736554e-01
5.953109404669586491e-01
5.773058513626512234e-01
6.225428696972443721e-01
6.013927083172292409e-01
5.908330575300366760e-01
6.365258548787227078e-01
5.878758894912124999e-01
6.110836054316300947e-01
6.124223442175075194e-01
5.736389231778695752e-01
6.514386189929275428e-01
6.065342632857101401e-01
6.200087682865332850e-01
5.785200365578260229e-01
6.089481794259913316e-01
5.391858247627434597e-01
5.637876333381622862e-01
5.766123367345205031e-01
6.107595681468995785e-01
6.131210745110274862e-01
6.030468263191069989e-01
6.062587189980813696e-01
5.961871996211616231e-01
6.014803263448814663e-01
6.157551266737202322e-01
6.020504775740614933e-01
6.409012945215084578e-01
5.930901480244845647e-01
6.086187127096207572e-01
6.148826914349356798e-01
5.940377312578057900e-01
5.995032545755756281e-01
6.009195507358612298e-01
6.083733554112971120e-01
6.012134210676037815e-01
6.037226540333374691e-01
5.876578477989453653e-01
6.007607428516309467e-01
6.105553646891301867e-01
6.100691015027048802e-01
5.941159122754384736e-01
5.873875706906055427e-01
5.923109629133175291e-01
5.645738078049007402e-01
5.892670279905652952e-01
5.729626746792229053e-01
6.192464832082205106e-01
6.064156322258473786e-01
5.996578436455253236e-01
5.784951474678295957e-01
6.084517613605535669e-01
5.795422473498739180e-01
6.476801581282450870e-01
6.127833546633362216e-01
6.146382267117300735e-01
6.155046532800655390e-01
6.041636400579629695e-01
6.194495473490384541e-01
5.340598628809549719e-01
6.227042562702098660e-01
5.983918747103322833e-01
6.007277212279480416e-01
5.904667346401740735e-01
5.711763021435241061e-01
5.834333723983053943e-01
5.980259170210098230e-01
5.842930310140858063e-01
6.013502332375486592e-01
6.415818892033966492e-01
5.610662160635916385e-01
5.960631632783301992e-01
5.755937778399990989e-01
5.749428107376092223e-01
6.113196059503348545e-01
6.307999878285022177e-01
5.756036468027367903e-01
6.021112182577674776e-01
5.994155418562857607e-01
5.815712326244574237e-01
6.032784449644157387e-01
5.629626534321474640e-01
5.672727024381364336e-01
6.114946719702817335e-01
5.749770466215652354e-01
5.992389475508131946e-01
5.575065468701474458e-01
6.318166749182525521e-01
5.831449118542537668e-01
6.016820949514791739e-01
6.087801828865928577e-01
6.210581857535850681e-01
6.231339102107368300e-01
5.731889821039077848e-01
5.825764087398994651e-01
5.800749169468285560e-01
6.155321674373577245e-01
6.085341626692747363e-01
6.020883150595054412e-01
5.506912432147155201e-01
6.049302537370024879e-01
5.883196338035739936e-01
6.319180383857398997e-01
5.811225038698515366e-01
5.883703992918117853e-01
5.882198277168124712e-01
6.199076944413547396e-01
6.117949837821637926e-01
5.558382851789055445e-01
6.141634371392449276e-01
5.792391935795989655e-01
6.222046085082381106e-01
6.117645272273961599e-01
5.865569706319097021e-01
5.993474641989635643e-01
5.864483599871632702e-01
6.030762239892361043e-01
5.770044725560008470e-01
6.373887561192363993e-01
6.197350299817094843e-01
6.220013313375584163e-01
6.018148983934956675e-01
6.389358171461517744e-01
6.166020013993418480e-01
5.781017426469525766e-01
6.002640238043136511e-01
6.438263420292813510e-01
6.064122120991729536e-01
5.956045745915184986e-01
6.168692750394157986e-01
5.739867008722484565e-01
6.113231717219952399e-01
5.816446301421996923e-01
5.871560625558257529e-01
5.891551345005864304e-01
6.373512199755003715e-01
6.193444741754352556e-01
5.902492663533148720e-01
6.195052625820846037e-01
5.953807375161586091e-01
5.969614167680059591e-01
5.508516022001067602e-01
5.941500649931852340e-01
5.862538019922023391e-01
6.404677597349822671e-01
6.007688299145006461e-01
5.962387234849580997e-01
5.984164335026606052e-01
5.918142218699465884e-01
5.950123992175890830e-01
6.182424002036034372e-01
5.960249439893454682e-01
5.810376381613230334e-01
6.069409377180919885e-01
5.869317330956240752e-01
6.040506597430039815e-01
6.141122324672160238e-01
6.082846155020301682e-01
5.774616578474659478e-01
6.129411788286535101e-01
6.115679730447474149e-01
5.781455371186952075e-01
5.480624730275964751e-01
5.964061663974944416e-01
5.829433755068290646e-01
5.907051745709729351e-01
5.929189372066276942e-01
6.046528247915121668e-01
6.232085028146016059e-01
6.137510145421412044e-01
5.904337081170233370e-01
5.966983021784418861e-01
5.986887047480873303e-01
6.123110993375407984e-01
5.980205565564716830e-01
5.916687232070556579e-01
6.087056350080475298e-01
5.722983815493839499e-01
5.542408774080465061e-01
5.878756574736480056e-01
5.708751353773632298e-01
6.288084037328112164e-01
5.543129365226869831e-01
5.996854886660994977e-01
5.729406410264886729e-01
6.133199010005185858e-01
6.106376937929638427e-01
6.170579399122612108e-01
6.133603490094652333e-01
5.765932696464798335e-01
6.140381460202810615e-01
5.817232768289116729e-01
6.474078935410176872e-01
6.020781330330208236e-01
6.154165070029927742e-01
6.067453923030080576e-01
6.035103305316313893e-01
6.346061302079870625e-01
5.873959617814524803e-01
5.981198249022569025e-01
5.970770854032277919e-01
5.807097548150043087e-01
6.266252617318630591e-01
6.033354953669480825e-01
5.849676486959385358e-01
5.790265038827417943e-01
6.229567217582618888e-01
5.900473347610161179e-01
6.225309901788957934e-01
5.753189353547000229e-01
6.113396832749373733e-01
6.140320744028303634e-01
5.892153696115686179e-01
5.932969524300060193e-01
5.876432825306613372e-01
6.373012490462294233e-01
6.343213921792204557e-01
6.239005421361071280e-01
6.224397048236388619e-01
6.185809124744913179e-01
5.930623849544548465e-01
6.166008331185298674e-01
5.943043783139984049e-01
6.025138216909176059e-01
6.247155346378971963e-01
6.434021603005920520e-01
6.113050986404254816e-01
5.613698253109560277e-01
5.980267188661365640e-01
5.972510384291730423e-01
5.734009865995046695e-01
6.032215895876930079e-01
5.937280575610405231e-01
6.280311131661093782e-01
6.166271815126708189e-01
6.239605497329614447e-01
5.901959800148038893e-01
6.015694119172110277e-01
6.200507165123356756e-01
6.025691178730573361e-01
6.125721285506934288e-01
6.126589980441029537e-01
5.528851151269729147e-01
5.663992721292594457e-01
6.075349082149452684e-01
5.888610026901570649e-01
5.921308500867165092e-01
6.253931483283968751e-01
5.824854151466536401e-01
6.437961365141174896e-01
5.815760779393857050e-01
6.162525748061276065e-01
5.883216057562463686e-01
6.176367225656990145e-01
6.017515648027668140e-01
5.643248147270116810e-01
6.003404183828880969e-01
6.425993903462483559e-01
6.069936570797399567e-01
5.888296175175993241e-01
6.330184168366208564e-01
5.779126710275437340e-01
6.091708814927423443e-01
5.775314226628289749e-01
6.026394671201658060e-01
5.944496344443205293e-01
6.175944267142118305e-01
5.994735193134800300e-01
6.210293384430686237e-01
6.016959304817650622e-01
6.010170025198324772e-01
6.123176736378715956e-01
6.224909491270160800e-01
6.178962054565679818e-01
5.660835916137541002e-01
5.887168754629104050e-01
6.483456949484671661e-01
5.900450344771989153e-01
5.842446956126673419e-01
5.779242402640893950e-01
5.652928797475472722e-01
6.147230409361164050e-01
6.123532564921121413e-01
5.979949818696582708e-01
5.817455673802333083e-01
5.967836474371291944e-01
6.055561285503823221e-01
5.846868188617394546e-01
5.963934847586119803e-01
5.994154882868697465e-01
6.025116321417197662e-01
6.533435669145759572e-01
5.772045679750160696e-01
5.975254416720084949e-01
5.855441610612065473e-01
6.058266986315143932e-01
5.751746629773588637e-01
5.908754771703076392e-01
6.116781696551168990e-01
5.917108858103847790e-01
6.071455015118812915e-01
5.896039883393133785e-01
6.057561877425777785e-01
6.138572778320503520e-01
6.134153914692244136e-01
5.876562079862964749e-01
6.138978380206816521e-01
5.667761325973826869e-01
5.672914658879635308e-01
5.847403036168022927e-01
6.256489677189173149e-01
6.034131833247148302e-01
6.096019586852539085e-01
5.975012558352073011e-01
6.041393876034621968e-01
6.218079901783006846e-01
6.204741412391195921e-01
5.853962599397248834e-01
5.709017466297833243e-01
5.826755409967369070e-01
5.794571984279133225e-01
5.770115717887962514e-01
5.779550216970692489e-01
5.750870316783174285e-01
6.218540834617024560e-01
5.971770551938367921e-01
5.708702101940944518e-01
6.036777588632394886e-01
6.226871283158211812e-01
5.903812119303969430e-01
5.818676751312787943e-01
5.650693812619824730e-01
6.288469832979521890e-01
5.978645604567925931e-01
5.875728564004355503e-01
5.527120340471889381e-01
5.821526200134864437e-01
6.000052794103505338e-01
5.899082565348197082e-01
6.014604756943123798e-01
6.320590023707537419e-01
6.023551208197294171e-01
6.059109341123842807e-01
5.814985290949838959e-01
6.380580714477478432e-01
6.040305166506707568e-01
5.861300870631400706e-01
5.883120088476275766e-01
6.134221355822878641e-01
5.790943705953384146e-01
6.179470820339084680e-01
5.949405585967597609e-01
6.050413113570073387e-01
5.886955290853197464e-01
5.910797442438860960e-01
6.352006569744310660e-01
5.805749702486173724e-01
5.938647044525826590e-01
5.987126944159296693e-01
6.172455153128681982e-01
6.131980371465207691e-01
6.213084008950296999e-01
6.296425971065491289e-01
6.077898638140122323e-01
6.048628463063835392e-01
6.173626758814659832e-01
5.986213525199096663e-01
5.884976539036547161e-01
6.006094473606576889e-01
5.884439502593226123e-01
5.803193002652022869e-01
6.067241055853288545e-01
5.935084596697298709e-01
6.223729632489611863e-01
6.101891568196007309e-01
6.076967765671116295e-01
6.307114867040196637e-01
6.060151528787530717e-01
6.216039440779757008e-01
5.900880000849588747e-01
