3.341451585991263018e-01
3.381633848066733505e-01
3.251396080000681921e-01
3.386651016251478463e-01
3.065285151966636312e-01
3.256999432411888384e-01
3.275967288823221080e-01
3.280334191526917409e-01
3.132107778430532896e-01
3.263857313314329489e-01
3.394069335677000754e-01
3.111565350201223046e-01
3.429231979061747038e-01
3.197076153817006716e-01
3.493979251789887108e-01
3.297311958931570253e-01
3.283474479701914972e-01
3.100773629552002753e-01
3.110862806372336475e-01
3.291701244938599058e-01
3.285621535959900585e-01
3.464255293363235344e-01
3.103199038081467243e-01
3.162070917016812088e-01
3.225112430336791181e-01
3.114116005202712256e-01
3.242074278558711997e-01
3.316725512290458755e-01
3.307204553493603427e-01
3.153472856110676736e-01
3.458681495471415124e-01
3.443246268202475591e-01
3.418127600314334602e-01
3.293913150242616106e-01
3.290223508128904406e-01
3.385096432452002202e-01
3.341142788415999432e-01
3.152473756093326362e-01
3.212823927099552890e-01
3.250843749838317476e-01
3.303709843152837222e-01
2.998547590523943374e-01
3.276097326631819961e-01
3.272755180631870542e-01
3.289596440372900554e-01
3.499898985257403616e-01
3.405487565867715283e-01
3.339708314078118634e-01
3.222823344614157426e-01
3.286633062733325117e-01
3.219492025594845597e-01
3.070907171270597646e-01
3.444584888852627591e-01
3.299916939169488805e-01
3.444097035502580173e-01
3.292539085892579043e-01
3.239870409743524360e-01
3.299028918008349298e-01
3.329788369718532648e-01
3.112684623943116069e-01
3.134818990246496240e-01
3.203130215053635599e-01
3.370557745718367748e-01
3.372668957429283965e-01
3.468771352627827431e-01
3.355497152189949595e-01
3.126019556129538413e-01
3.211351355640909566e-01
3.304971856397656005e-01
3.547124318467393955e-01
3.475936264323688518e-01
3.257868409744826277e-01
3.295108330377699568e-01
3.265549561941405998e-01
3.221569499940265535e-01
3.033795819818707606e-01
3.193114166477438731e-01
3.403725269976826118e-01
3.196782191459870970e-01
3.119733773360015006e-01
3.196686418349188319e-01
3.073342098169508096e-01
3.198491697678040313e-01
3.299650840366586957e-01
3.364395581686924208e-01
3.296157745809681350e-01
3.244264080064618305e-01
2.874565706312224300e-01
3.308404112065657654e-01
3.200829095685158165e-01
3.246816878691495267e-01
3.315212085540703013e-01
2.965242259321093643e-01
3.415857115345560802e-01
3.196506627627094810e-01
3.445772939199745477e-01
3.430073901547885940e-01
3.249727775346206160e-01
3.184649082157440247e-01
3.248333750432713662e-01
3.226351836070521228e-01
3.278874187006545204e-01
3.469819026346036006e-01
3.465768244971381140e-01
3.182146547094017452e-01
3.468293813125289393e-01
3.391382287196777479e-01
3.426749151639317259e-01
3.250134565336477710e-01
3.450333392790199682e-01
3.361808570036253219e-01
3.400875629196042360e-01
3.286971012914384760e-01
3.361915542121226563e-01
3.414713123950557372e-01
3.405267336131049816e-01
3.282418028619778494e-01
3.374314534513362940e-01
3.366232890093942554e-01
3.107760411598868844e-01
3.408472575481403255e-01
3.371942889575633706e-01
3.124938498619384553e-01
3.556464534918273301e-01
3.192116223955441812e-01
3.459136281678422131e-01
3.414462480672788014e-01
3.644807186606170979e-01
3.365893309016504964e-01
3.442083389523639680e-01
3.159832506711591771e-01
3.551275014654386442e-01
3.479738970927870323e-01
3.210332809680460087e-01
3.401862808268548699e-01
3.432611246664521443e-01
3.332788253347761520e-01
3.244102335361502276e-01
3.345661798696741296e-01
3.077424063763400386e-01
3.283552823504083396e-01
3.299384667012243422e-01
3.499813889680690737e-01
3.355898131261656481e-01
3.327250724871574916e-01
3.288104548140428074e-01
3.367672105031875307e-01
3.316233279734193129e-01
3.161410231468342880e-01
3.282057815829441672e-01
2.974378503604530599e-01
3.454957373764258599e-01
3.320313312771740466e-01
3.245831315170301101e-01
3.330300091885016744e-01
3.408571817555526851e-01
3.043259299259625239e-01
3.320470656008883692e-01
3.508916068318799764e-01
3.229908522818130678e-01
3.217318078994456099e-01
3.237819327962195293e-01
3.117248434611537555e-01
3.359838041370521444e-01
3.475700207048950663e-01
3.311236150197219841e-01
3.133460132833287282e-01
3.231538077353209304e-01
3.284746984922868318e-01
3.214347002263263642e-01
3.169658873916613162e-01
3.425680502338210864e-01
3.224559391206404113e-01
3.118612082295699195e-01
3.293816601282533174e-01
3.238355634859186871e-01
3.202101773526855322e-01
3.478255051385066299e-01
3.355473356471819213e-01
3.409117227893826430e-01
3.366815938991747359e-01
3.508331265717694047e-01
3.466086434010680062e-01
3.424849520602565311e-01
3.523662771487235945e-01
3.263921974870901965e-01
3.083339267555852414e-01
3.310816478974193955e-01
3.276186365776246889e-01
3.086415666279699876e-01
3.335023710359512616e-01
3.477293489014075534e-01
3.041615994856558536e-01
3.065020700092128680e-01
3.522735596260412883e-01
3.466727375653129717e-01
3.166531884839472455e-01
3.254538669930438499e-01
3.027086776148513181e-01
3.451587254099449664e-01
3.438748785258216589e-01
3.530861616742250741e-01
3.258990043229603728e-01
3.278556340537515101e-01
3.420080290752781083e-01
3.295315342832979555e-01
3.400475764490047403e-01
3.204563456078331485e-01
3.313052885448322105e-01
3.348354797456036813e-01
3.372767365945190110e-01
3.247182564412174899e-01
3.091070220535407920e-01
3.342081732461000820e-01
3.174221646468199931e-01
3.088780978593267390e-01
3.478386417782584616e-01
3.279804634100780270e-01
3.229376578901361761e-01
3.470156340940108164e-01
3.191330012731840582e-01
3.421508126494722801e-01
3.452385625170322769e-01
3.257879245005643187e-01
3.126629079621636165e-01
3.204552064782891785e-01
3.422469295319983118e-01
3.146669230871745881e-01
3.237155185410715008e-01
3.074878701413707449e-01
3.261753984545563978e-01
3.355715400304831730e-01
3.449405114266710926e-01
3.328681878800019978e-01
3.303257596441181998e-01
3.288517208764972222e-01
3.195305421966717074e-01
3.417655451114434695e-01
3.235114557349108577e-01
3.215836812984300130e-01
3.345445230388396918e-01
3.339186754214519826e-01
3.248736247195569971e-01
2.906653935259372323e-01
3.153422535057028853e-01
3.434575812663439587e-01
3.289658651374799958e-01
3.405750835180523794e-01
3.254808981617570152e-01
3.225422319753805667e-01
3.196372336896784461e-01
3.391516946911057873e-01
3.396245033242324962e-01
3.249983740687679701e-01
3.329249726994124026e-01
3.397184107326908231e-01
3.419101727393030199e-01
3.383810719192292815e-01
3.290788441058435376e-01
3.189253987039657456e-01
3.149400327185113424e-01
3.403130090488305504e-01
2.982605892922812196e-01
3.365251095290558436e-01
3.245723817861078109e-01
3.002699169210901187e-01
3.364605067431946650e-01
3.393964134283457001e-01
3.242230517034873083e-01
3.237801478411315159e-01
3.272491801432637071e-01
3.227328967584338626e-01
3.129671897607165243e-01
3.566227347840610351e-01
3.399672368156547164e-01
3.003385960716432046e-01
3.182939695385445522e-01
3.413596897138854724e-01
3.223859159745803282e-01
3.338649702576261813e-01
3.175777329990239761e-01
3.371948270078840015e-01
3.208043390950728879e-01
3.345891765653206118e-01
3.066495521058557605e-01
3.135046363083033860e-01
3.141703550877227302e-01
3.316331114528314195e-01
3.488630773671196339e-01
3.342255815159217436e-01
3.123009132225635365e-01
3.417170693351866961e-01
3.432471049442181177e-01
3.304747272445972550e-01
3.313332655133441884e-01
3.126565374433951106e-01
3.256174571599648182e-01
3.331920389857366271e-01
3.311283635913250811e-01
3.400451037270250110e-01
3.188643802104418890e-01
3.340045130463832890e-01
3.304352585532388531e-01
3.193850105993017996e-01
3.281574137264272051e-01
3.332661030476703479e-01
3.545166501286187155e-01
3.461942862552501721e-01
3.149769439176230423e-01
3.132648795562120725e-01
3.326257634905825378e-01
3.209943118071741930e-01
3.348486107485150187e-01
3.391262957807001932e-01
3.273861923624279413e-01
3.301466953794104375e-01
3.321239159966891119e-01
3.318324263471841284e-01
3.276231400331334198e-01
3.286619369276533864e-01
3.310501445901158912e-01
3.287524146395699454e-01
3.209608036388493235e-01
3.145491686170528434e-01
3.277953109382685248e-01
3.090410223404312928e-01
3.470511323635226963e-01
3.221284656396706803e-01
2.906435029350695198e-01
3.494837938676800260e-01
3.180612076353432349e-01
3.277761508611403696e-01
3.341546815456817865e-01
3.228671070792768494e-01
3.189154791819377999e-01
3.071779088745310582e-01
3.191531396211669813e-01
3.439037711443866940e-01
3.335640948843519027e-01
3.233124513828845581e-01
3.174077151497344262e-01
3.262781830853130338e-01
3.139403271116627536e-01
3.341820962834178288e-01
3.238403656187472390e-01
3.125367897078914492e-01
3.207505964056120984e-01
3.210766385987752214e-01
3.220122057986395392e-01
3.311110664256527447e-01
3.324917142123349767e-01
3.088655398488697745e-01
3.217310315725722680e-01
3.295603516528934906e-01
3.168890636049989107e-01
3.236478833405142530e-01
3.311223811634883551e-01
3.097847512137884007e-01
3.588434998366827888e-01
3.314473102753188183e-01
3.207129812735699526e-01
3.294751467622582530e-01
3.112439618857832935e-01
3.525288823370292257e-01
3.350918196154614170e-01
3.245632136727131245e-01
3.238775819975608927e-01
3.115884974614857583e-01
3.454082465137167102e-01
3.401167759386298228e-01
3.046670400849776916e-01
3.081842753425165227e-01
3.306019479792742244e-01
3.187206736527469220e-01
3.390988519310522697e-01
3.425671251039152376e-01
3.470277205373686336e-01
3.468922610577942489e-01
3.178216748423258187e-01
3.375415404910771522e-01
3.400954166358262087e-01
3.093636237709089798e-01
3.390044311121670484e-01
3.502988454674543783e-01
3.496632810665245561e-01
3.233227711810785499e-01
3.354512073724549293e-01
3.303609330722536153e-01
3.455953055253603856e-01
3.341615904929726155e-01
3.234086990648230575e-01
3.480062914872317781e-01
3.422353230002576630e-01
3.429306270136348589e-01
3.248476539518699857e-01
3.206764512443548987e-01
3.173745334686751129e-01
3.342034965752603837e-01
3.428998644191649792e-01
3.048076541353310631e-01
3.439251763571615772e-01
3.458685530661665952e-01
3.186990771230841513e-01
3.181728006841095802e-01
3.266710280150404433e-01
3.333227417560549743e-01
3.214175539579051666e-01
3.517844436463561930e-01
3.198387950586025208e-01
3.130330655648782545e-01
3.393937328155400834e-01
3.167333431971768309e-01
3.343166404666184088e-01
3.327812297454880164e-01
3.405339542985524326e-01
3.393540175354866073e-01
3.294510253441916836e-01
3.284056301923443666e-01
3.394925751683498527e-01
3.390464771070572647e-01
3.234802940166324747e-01
3.492192013454782362e-01
3.300729475841128191e-01
3.340394696156144816e-01
3.144782400728380889e-01
3.267357989413215424e-01
3.039593228556152771e-01
3.474618858021998880e-01
3.247327482301325396e-01
3.195862239221241574e-01
3.322541202267187965e-01
3.320396190763450495e-01
3.078018382101375683e-01
3.494464398462873711e-01
3.292651106045782483e-01
3.485055608391128823e-01
3.198296193000617627e-01
3.388738168975144460e-01
3.119287810937371730e-01
3.316613781066699018e-01
3.404995602063763949e-01
3.252001874304821238e-01
2.994657968152472094e-01
3.377531835214429567e-01
3.077130773219458049e-01
3.356146127237676913e-01
3.355013164681575621e-01
3.243246683456101342e-01
3.285575042353528485e-01
3.313482280062232666e-01
3.336050446067211350e-01
3.381833821315330946e-01
3.304301682507123084e-01
3.345420902989648670e-01
3.462007085809960527e-01
3.302555955208089644e-01
3.359933911216448355e-01
3.452495763212922175e-01
3.060737861284892336e-01
3.488570302029437298e-01
3.304254151879477130e-01
3.288364345577715064e-01
3.321815861770669454e-01
3.429250439812224771e-01
3.451871839915233164e-01
3.230650979899319375e-01
3.416175007576329192e-01
3.041907955493146631e-01
3.310773375290282927e-01
3.411544887537696913e-01
3.238859179343121508e-01
3.271149510678121874e-01
3.366919693903656641e-01
3.283490219329573967e-01
3.087493292980931225e-01
3.279622052521882214e-01
3.337078170640239705e-01
3.455413841630456950e-01
3.436990572822746226e-01
3.290503537466231143e-01
3.313846487925925510e-01
3.321958257985567209e-01
3.162605132159343468e-01
3.214867354887763762e-01
3.344238639665434998e-01
3.208981444966815810e-01
3.359683725098855378e-01
3.295918141502992560e-01
3.285612652944884249e-01
3.424627885868624100e-01
3.452844609645598362e-01
3.288459038281784652e-01
3.379185245642540858e-01
3.181146905332261632e-01
3.359181602829752755e-01
3.182714941897697436e-01
3.390326010446946814e-01
3.235883390396797066e-01
3.068438569592868426e-01
3.249758068549953860e-01
3.524969919764077142e-01
3.403681521180324521e-01
3.388824522783826509e-01
3.148688502779046772e-01
3.267444800714307540e-01
3.233629483281481032e-01
3.335196921601403242e-01
3.587897208895378665e-01
3.205263579596271950e-01
3.230341898367971032e-01
3.288393535779123300e-01
3.303418278656537477e-01
3.131263606857345172e-01
3.156775468517762917e-01
3.122378610116371966e-01
3.157205625073324917e-01
3.342505423113414365e-01
3.129896497226709040e-01
3.158033907009155650e-01
3.352656597939818739e-01
3.378907269976826333e-01
3.271939601620464377e-01
3.459175603749435335e-01
3.296544631584251150e-01
3.002984417660928274e-01
3.262173643443281312e-01
3.246503454768728258e-01
3.152355111511375152e-01
3.441826356346102678e-01
3.517328430173690679e-01
3.061724707347692753e-01
3.377025802338049498e-01
3.252017690834735908e-01
3.099776655811796178e-01
3.226000234756514762e-01
3.235437210558012033e-01
3.354825971953019903e-01
3.180071083811797927e-01
3.255774232046570460e-01
3.099694998414685987e-01
3.189940779642295721e-01
3.283941461129982198e-01
3.450639745849456430e-01
3.271389602681398223e-01
3.307405041488455932e-01
3.111825043189367923e-01
3.290061496813635467e-01
3.437168110544646660e-01
3.171653792937537686e-01
3.498394396585715604e-01
3.379040546252869426e-01
3.257324872642818336e-01
3.276722326090471538e-01
3.170457854247760165e-01
3.231904351225280414e-01
3.283415158598117500e-01
3.502519940074902971e-01
3.201146145464771053e-01
3.288536194390049294e-01
3.030674117542593859e-01
3.123393583837268395e-01
3.001628131496417717e-01
3.324178800395971578e-01
3.233270275397935323e-01
3.252933588514369534e-01
3.436616049048036858e-01
3.255761769661177918e-01
3.134282481737664106e-01
3.288587262744198658e-01
3.209275193141559734e-01
3.120221144681291636e-01
3.334816640907113383e-01
3.512262236694185247e-01
3.444347323759108792e-01
3.188370059906606713e-01
3.053450796561987257e-01
3.403607078615947801e-01
3.420264046620722920e-01
3.169308401470702918e-01
3.141772350439560046e-01
3.324008334723178582e-01
3.059090969242924118e-01
3.198403290467530247e-01
3.009281357723814221e-01
3.235511393460220875e-01
3.460392893767055278e-01
3.077529373591242901e-01
3.377101417308958076e-01
3.400842401463727849e-01
3.265356125565900824e-01
3.353742053955606206e-01
3.176679903595486243e-01
3.230500012176665270e-01
3.227892568510267735e-01
3.292599267827741594e-01
3.078993313258985287e-01
3.144028682257811735e-01
3.357350109813826422e-01
3.100296489765535513e-01
3.275821369840755670e-01
3.040885703396952189e-01
3.257894818155537831e-01
3.142280427987050873e-01
3.233311313884139060e-01
3.448143081073400396e-01
3.464893807028951445e-01
3.483621993958291863e-01
3.229184808570066956e-01
3.177979460060366690e-01
3.318869018585593467e-01
3.174974677562422687e-01
3.489225967249018900e-01
3.282682571594517373e-01
3.291908656174344361e-01
3.380168658694247541e-01
3.364053881844770721e-01
3.438387923137104507e-01
3.308683458279418899e-01
3.317805326004594213e-01
3.099709886541858750e-01
3.227971614037206671e-01
3.216996841284062159e-01
3.129481738701499483e-01
3.180777725039510839e-01
3.539178666469638412e-01
3.188488125805869489e-01
3.289117530443950721e-01
3.357480638525904282e-01
3.138215132041884958e-01
3.292381290925971982e-01
3.056964549142940912e-01
3.453389318480012404e-01
3.050170470798230227e-01
3.231686536944164412e-01
3.264897483441585035e-01
3.312646863903826455e-01
3.361916078162680566e-01
3.268496548814357472e-01
3.148663096399170747e-01
3.226886626251663226e-01
3.292942458781153992e-01
3.293980842746995208e-01
3.346906342470006845e-01
3.392737136079465587e-01
3.363635500187655003e-01
3.218387191602427033e-01
3.184309034815752115e-01
3.210201497027674322e-01
3.157893161392972825e-01
3.310109395728642601e-01
3.453729187524213762e-01
3.313687942485614157e-01
3.302544137378874423e-01
3.315840663138744926e-01
3.250840200627635457e-01
3.224860462866183664e-01
3.149546789041028916e-01
3.273232298189648892e-01
3.390431999040824929e-01
3.339936205287697413e-01
3.438124280018452494e-01
3.237526224637521932e-01
3.172871946683267774e-01
3.433532472695964288e-01
3.237833153856136681e-01
3.286397078681602690e-01
3.763035655044125183e-01
3.323090622338727984e-01
3.377109096678073130e-01
3.371486134983535110e-01
3.280035970756290387e-01
3.344742262812866462e-01
3.374141526666626922e-01
3.373185657367062107e-01
3.121597114907300186e-01
3.369009487485842835e-01
3.040819735639960220e-01
3.394902801278195659e-01
3.329220417780046626e-01
3.410260620418480437e-01
3.293415771726912467e-01
3.192014180074270180e-01
3.422758441337437896e-01
3.268143685639917084e-01
3.225985219302643370e-01
3.290509661423073884e-01
3.093006526373545673e-01
3.425818840872281168e-01
3.403583280299789515e-01
3.258723845083805748e-01
3.148336350511597992e-01
3.322540854748045058e-01
3.105781953836250775e-01
3.336615822490632821e-01
3.153749195692249208e-01
3.314254914370277083e-01
3.309995706586695841e-01
3.313052697680135550e-01
3.289057366038482533e-01
3.266153010415236979e-01
3.145277966065147535e-01
3.152864486918287024e-01
3.081352403119210215e-01
3.298910571010206239e-01
3.286264253543491609e-01
3.026377978424650284e-01
3.317399097125779406e-01
3.516102521616326082e-01
3.360935084954111973e-01
3.250390266237868087e-01
3.567641977655485741e-01
3.357689910684858448e-01
3.481036531462358141e-01
3.283101015104777365e-01
3.526635938798270420e-01
3.258532278867341536e-01
3.523219006819546251e-01
3.351606002467048540e-01
3.316576521870466809e-01
3.146598717241655963e-01
3.258148561047903291e-01
3.324130755015431427e-01
3.436732439132552108e-01
3.108034635330772510e-01
3.073847210576439171e-01
3.323634238234405847e-01
3.370080572853288992e-01
3.334823028133130918e-01
3.345647432650208919e-01
3.267765333283218498e-01
3.262895343540904158e-01
3.434547253770833253e-01
3.241339545063638417e-01
3.386559474866935315e-01
3.446273034706343052e-01
3.351850909907869713e-01
3.059542068937687320e-01
3.247716916256451203e-01
3.263497439663144428e-01
3.247774910716843544e-01
3.089693770388083904e-01
3.210908673177296779e-01
3.407542766889336550e-01
3.243637818921529803e-01
3.289615754616206922e-01
3.184863642798247407e-01
3.370731734216963482e-01
3.266730014501514345e-01
3.293034042055946187e-01
3.195211975204544919e-01
3.242310334161923047e-01
3.280149388122350906e-01
3.214928373028566599e-01
3.266898667057251404e-01
3.393906596119587449e-01
3.230246602051282112e-01
3.469784160430117170e-01
3.205262406272005316e-01
3.275924754945951922e-01
3.462973160550451013e-01
3.288800823877758295e-01
3.348226908191114792e-01
3.239445896490929511e-01
3.570332469525598906e-01
3.151845692280251243e-01
3.196968834965552841e-01
3.467348474464545527e-01
3.355030638270322108e-01
3.195357692364392821e-01
3.466676028601177739e-01
3.135352219560204046e-01
3.420346501904127368e-01
3.299605906315450921e-01
3.404671569698729527e-01
3.247429617367557642e-01
3.518556309320459707e-01
3.309166010324408602e-01
3.356133263857436488e-01
3.510821674648494928e-01
3.229362959497834584e-01
3.292853748044863305e-01
3.429592856414279134e-01
3.422369038509318062e-01
3.292995344661110435e-01
3.265391136429777186e-01
3.376275459700507908e-01
3.167679874535951345e-01
3.324120154412441019e-01
3.223280426254098718e-01
3.307503922711568789e-01
3.225222510178376023e-01
3.317635361849704534e-01
3.397019010346277179e-01
3.188837788165436171e-01
3.330284407368316324e-01
3.299003489788488452e-01
3.390211656136483676e-01
3.298084513875669255e-01
3.236247602588298578e-01
3.310584313759544206e-01
3.231875037725255861e-01
3.516954744853506565e-01
3.526571494519605832e-01
3.354918863113189320e-01
3.396139022228079618e-01
3.069773972276986784e-01
3.340007091997536093e-01
3.102569573596072883e-01
3.312104060593406007e-01
3.408583072188484664e-01
3.204451814778138674e-01
3.477466947490865934e-01
3.207456110155873508e-01
3.491550009416961586e-01
3.052421382384862270e-01
3.443566712740340208e-01
3.193536557075252191e-01
3.300402989010586818e-01
3.457272871511347656e-01
3.494343613634733337e-01
3.346612400462513071e-01
3.456040089451312691e-01
3.445787543281693677e-01
3.205496866262624311e-01
3.407355171740139577e-01
3.209378811186210378e-01
2.994449461625627307e-01
3.386949632392572407e-01
3.224942972905544547e-01
3.286876884690648759e-01
