3.038987936204927132e-01
3.012421325421466567e-01
3.115444143569727209e-01
2.972515446271809525e-01
3.046891565804006885e-01
2.838791284396056658e-01
2.901908771084925620e-01
3.054643329422072062e-01
2.986890543961039368e-01
2.857511233264016237e-01
2.885772477468848130e-01
2.795434222148367454e-01
3.023239505128433868e-01
3.011864093241012341e-01
2.923254844993314894e-01
3.089147888330965319e-01
3.064396924238400044e-01
2.934822325446992397e-01
3.066599041391921410e-01
2.923310090808987072e-01
2.978479307977987545e-01
2.969500901937401904e-01
2.977546331115621947e-01
2.906685813453026568e-01
3.133194165399180720e-01
3.057909221880216188e-01
2.948562363587165502e-01
2.853378629756539442e-01
2.844169784802780265e-01
2.973557590853603272e-01
2.818847463617220050e-01
2.892828935582301697e-01
2.930713497814438351e-01
3.102412443849187906e-01
2.968602010194169027e-01
2.961271893653211196e-01
2.888897726866792026e-01
2.912667272237479121e-01
3.049032942364379162e-01
2.993292291202773181e-01
2.892270221200285429e-01
3.092568402772713498e-01
2.808658026802146601e-01
2.976844201349700403e-01
2.992493326458338099e-01
3.010999281079149714e-01
3.142048942996014116e-01
3.110626270830461060e-01
2.903557888189565728e-01
2.983024255643793032e-01
3.108285905790668657e-01
3.034045736198222598e-01
2.996507509239612621e-01
2.881312689300312702e-01
2.985780127296809860e-01
2.888380168215854416e-01
3.213507964796329941e-01
3.132656886719023537e-01
3.097729710119881408e-01
2.885830289295504558e-01
2.919310043725972803e-01
2.900582404324619223e-01
2.930843155401489097e-01
2.907189468166121449e-01
2.945076200637870567e-01
2.861654121017405128e-01
3.202404445039416236e-01
3.131682904152885971e-01
2.946945034141733588e-01
3.142342517635980381e-01
3.210425874180314887e-01
2.807342215734190405e-01
2.887493552082865400e-01
3.025806310585339998e-01
3.151338896736143869e-01
2.917545341835822148e-01
3.105628895963195024e-01
2.877983063937092356e-01
3.044514472449648124e-01
3.040259105526822991e-01
3.018863164627909601e-01
2.880769408639852203e-01
3.061380707269946710e-01
2.989895694048474439e-01
2.864172063054751249e-01
2.940722410361643058e-01
2.941391935932656243e-01
3.026409066637900103e-01
3.190443031928540396e-01
2.769642094492432705e-01
2.971108581005604266e-01
2.876658475813051452e-01
2.981769827679304208e-01
3.000825640173318543e-01
2.982107558997740271e-01
2.874165848696834114e-01
3.040026563517936875e-01
2.881102775999223597e-01
2.895981550221232714e-01
3.045385886766022177e-01
2.896419530363006922e-01
3.163749305682143076e-01
2.921809024562188606e-01
2.924650472545542446e-01
2.874064889047329707e-01
2.932863900616458075e-01
2.976124062042702634e-01
2.954242221371780608e-01
3.037837424988111823e-01
3.182719474504178692e-01
3.059592324803833696e-01
2.970290113070696014e-01
3.036824152088383189e-01
3.082988527033864168e-01
2.827369262520477711e-01
3.050042122464388661e-01
2.911951486276068701e-01
2.885462836061438718e-01
3.011965511264181883e-01
3.008502642970834473e-01
2.982605315857206341e-01
3.129729944409029851e-01
2.846496109779583783e-01
2.954329356671731577e-01
3.137843319208920012e-01
3.204567403108179446e-01
3.144223321091964007e-01
3.092172148886547234e-01
2.898838317188230373e-01
2.963996035205321844e-01
3.031111272456157302e-01
2.997152444311520503e-01
2.954931001977953442e-01
3.029173330570719136e-01
3.018747066627640030e-01
3.142249788405884203e-01
2.975878108877875183e-01
3.033338424275671685e-01
2.841844544302581932e-01
2.918963848609207323e-01
2.883443107811013983e-01
2.970771540414425260e-01
3.144378387714573675e-01
3.138301877158531372e-01
2.925936657133579311e-01
3.037511397129179502e-01
3.071132065504031949e-01
2.979879169494848989e-01
3.259698371971507247e-01
3.029924560489739016e-01
2.921060087040612818e-01
2.909296166637945213e-01
2.890332089729800158e-01
2.817475361028577985e-01
3.014415686913898274e-01
2.822773040043534687e-01
3.028833492141904116e-01
3.028126526877019109e-01
2.878659168246296418e-01
2.917961103572948578e-01
2.843215871034108777e-01
3.006827670415941900e-01
2.871521757503898709e-01
2.954297629993901109e-01
2.933454671014515958e-01
3.125539614152663681e-01
2.942039871124998984e-01
3.030611680177197620e-01
3.118651730234465735e-01
3.165861945521393217e-01
2.973661342101889260e-01
2.947282671741163762e-01
3.088072956920206447e-01
3.068276584479919245e-01
2.778216832802839487e-01
3.062085911632010937e-01
3.003104144790917918e-01
2.932317274134607077e-01
2.999027518525637648e-01
3.024007346307757138e-01
2.801077115510423599e-01
2.848994464187131759e-01
3.010088273906158518e-01
2.947991196349956100e-01
3.036738770993140935e-01
3.013567199804811358e-01
3.044509796907054477e-01
3.057868406279922180e-01
2.969716201566400815e-01
2.844842607298784798e-01
3.013610107390660708e-01
2.961851428454144175e-01
3.065559142706695828e-01
2.968751541538159899e-01
2.904021355921325154e-01
2.986037543500437152e-01
2.918899629275275021e-01
2.912975553583114219e-01
2.976157804777910254e-01
2.945616180225597014e-01
3.056980515135368504e-01
2.908480627925431050e-01
3.034859229093883060e-01
2.856696061913044371e-01
3.096105040389086627e-01
3.016181817257486131e-01
3.169884368011560705e-01
2.924600679711799045e-01
2.871739213723679129e-01
3.026645025198150818e-01
3.055491934635657936e-01
3.110664769859139422e-01
3.059743084245437617e-01
2.950779633835990401e-01
3.027077066746219902e-01
2.984923417600991447e-01
2.980457040500628096e-01
2.929726903483290679e-01
3.007105445761702467e-01
3.092589583025924238e-01
3.164187630320658418e-01
3.121133064340134156e-01
2.972431160226644553e-01
3.054559476770524751e-01
2.973642389347644355e-01
2.845713796811275009e-01
2.973532951137321523e-01
3.160163087282580885e-01
3.113073306014215724e-01
2.920783027497747542e-01
3.060095549399932113e-01
2.956005497578077512e-01
2.959664114272029800e-01
2.948335211448191440e-01
3.068267848486025962e-01
3.138333504583457056e-01
3.016684444754019756e-01
2.929869867916651827e-01
2.981692949385534863e-01
2.990367493763086970e-01
3.070479558826077482e-01
3.007402093071501192e-01
3.092023103018534114e-01
3.175427147511276083e-01
3.012324559339886743e-01
2.910158476570509634e-01
3.127605441501378203e-01
2.986330948776838023e-01
2.859228357618961436e-01
3.041829273661094124e-01
3.072160376805487814e-01
3.019260520564888139e-01
2.996145879880182106e-01
3.014836338408013461e-01
2.941058877526479542e-01
3.058484641154991523e-01
2.998999570940267256e-01
3.032687286240833280e-01
3.022743345401485704e-01
3.033390370858117246e-01
3.016328784470356794e-01
3.075597729525339497e-01
3.077512535758860635e-01
3.150306064643790815e-01
3.007797418181799576e-01
2.985020993356925501e-01
3.130519180338586227e-01
3.040297556596103234e-01
2.951632109267368631e-01
2.935648777496478457e-01
2.918229533363276285e-01
3.045240989827304734e-01
2.907401881186258419e-01
3.004492659263475196e-01
3.073363577470910601e-01
2.894433750582909859e-01
3.024955621245221105e-01
3.168000499899811806e-01
3.096135078264179996e-01
3.088538647160773420e-01
2.993499759995185139e-01
3.046336393189569280e-01
3.256501988599840303e-01
3.188970825835349965e-01
3.137684689545207073e-01
2.961292270418475758e-01
2.940397344552546643e-01
2.993606867088548507e-01
3.110913756377418626e-01
2.789768809926438387e-01
2.838008090576617515e-01
2.783416203499345931e-01
2.948526851054865117e-01
3.014534386714829983e-01
3.244136323956531842e-01
3.015365393711301190e-01
3.080118856623050294e-01
2.871481442050796695e-01
2.853174686548752281e-01
3.090860965831132567e-01
3.182280287309359745e-01
2.949386658948885409e-01
2.997166432260296998e-01
2.980241599149410781e-01
2.932873595925574728e-01
3.009839007006099854e-01
2.973011782773372635e-01
3.117140854522495452e-01
3.014058094506911201e-01
3.010270232590089856e-01
3.038584753507724834e-01
2.979213706955333163e-01
3.079565667007609364e-01
3.033888303843912393e-01
2.871265238564995603e-01
3.051728768417995008e-01
3.051997370964074086e-01
2.947209926946396941e-01
3.042511713688101360e-01
3.042574225494693030e-01
2.897780029108111277e-01
2.745829183947171015e-01
2.966678002541441317e-01
2.932328259324808450e-01
3.009980221620406349e-01
2.867452228975865269e-01
2.897606476118255170e-01
3.324588726802769623e-01
2.807566389290804265e-01
3.023391674357028269e-01
3.039927965325954773e-01
3.082462616778408049e-01
2.954570649322678100e-01
3.075337133826467895e-01
2.997766720836300691e-01
3.181379243358151143e-01
2.968115560903382133e-01
2.890795861019964663e-01
3.076270178303427416e-01
3.186090595256303448e-01
2.939967524689550138e-01
2.929815281429065110e-01
3.076697653430338630e-01
2.932134790172289951e-01
3.012164201099388761e-01
2.892503260660843623e-01
3.100988970927197053e-01
2.988372413443383668e-01
3.060131050084586857e-01
3.070768807196843087e-01
2.941863911832175993e-01
3.093118051614365260e-01
2.730166313338604489e-01
3.118658722663220639e-01
3.126294307934316397e-01
2.957789261174929019e-01
2.937228857829393691e-01
3.069661810216821607e-01
3.166302342455898367e-01
2.934118820179991705e-01
3.125188586446474570e-01
2.950361026043044621e-01
3.110152180854041659e-01
3.168513767742196507e-01
2.835364381697496050e-01
3.091620179248437683e-01
3.126510591692451269e-01
2.801843494131133205e-01
2.810336276088949425e-01
2.935329193823303928e-01
3.010928583935922331e-01
2.900081386209468204e-01
2.953013090337756053e-01
3.214249655431032915e-01
3.011241463910902527e-01
2.975762249246139413e-01
2.849394162368538708e-01
3.040438962113672372e-01
2.965821782904861648e-01
2.977689878593754447e-01
2.981452607818768641e-01
2.995723249982110703e-01
2.917120002471792484e-01
2.917949464282347249e-01
2.991616904012014966e-01
3.010406568059721399e-01
2.934714396497714595e-01
3.025061499161034728e-01
2.943676319523476081e-01
2.978123939734234060e-01
3.115569752879183141e-01
3.033906247395583011e-01
3.076622785562045381e-01
2.934720911807674470e-01
3.081775100350050978e-01
3.119636154458806376e-01
2.828179621736182647e-01
3.025251984446999387e-01
3.026425029083099072e-01
2.970642077986506147e-01
2.987039835151412692e-01
2.987702869473089495e-01
3.007594655750218116e-01
2.921685371794868757e-01
2.709420382898383717e-01
3.060872661346616397e-01
3.075729454490445103e-01
3.044330989549135502e-01
2.974229830191392199e-01
2.916133186002199396e-01
2.955428984776480861e-01
3.059572951643290684e-01
3.125294130762201195e-01
2.783034104470670789e-01
2.944696191659954554e-01
2.978735243440180369e-01
3.053757208745176976e-01
2.864733791204526758e-01
3.243647028570129098e-01
2.883299882099560896e-01
2.854330343419753113e-01
2.860777780395981074e-01
2.963882592439105457e-01
3.047820936518417234e-01
2.982550957335979858e-01
2.907337641227515368e-01
3.037977085422830514e-01
2.971873501351746660e-01
2.921343425868599408e-01
3.095614996146603404e-01
2.816306516385948533e-01
2.952069375049160560e-01
3.015839569391189912e-01
2.858570371470263716e-01
3.006247044975757787e-01
3.080932430647843057e-01
2.893800766761418508e-01
3.011664703419790756e-01
2.903837603731223571e-01
2.995352205888213715e-01
3.166891262662063777e-01
3.139264187773085912e-01
3.013150974695120166e-01
2.863638641072679958e-01
3.014488048587347646e-01
2.899285616741721361e-01
3.021627875294159438e-01
2.971439184482740359e-01
3.098189605516155076e-01
3.032714915439769232e-01
3.110730537076422664e-01
2.909553480395561942e-01
3.170561580842684024e-01
2.929551366084328090e-01
3.052376584128211334e-01
3.129901653221505153e-01
2.933027639765700689e-01
2.936817039932845819e-01
2.933147327143874050e-01
2.846358708411906302e-01
3.024636125845355239e-01
2.989373705783164858e-01
3.063561602306123510e-01
2.956735269083712314e-01
3.113651194277752277e-01
2.950586768655295566e-01
2.984490514190161758e-01
3.161038120658942741e-01
3.032198259712486910e-01
2.972756187859845745e-01
2.869391007780703884e-01
2.937395991524784922e-01
3.068906109664711335e-01
3.018557576790584229e-01
3.029136291685763926e-01
3.149814336936703207e-01
3.026361670794581737e-01
3.027189313574820684e-01
3.092387056751663144e-01
2.771835506822241113e-01
3.050787014637525996e-01
2.961667307256539150e-01
2.965678407494801716e-01
2.830026190506228501e-01
2.838553851862237742e-01
2.892444551130556873e-01
2.964886902174594385e-01
3.188156758126273194e-01
3.038824941895739151e-01
3.123349940755081322e-01
3.172052047454884116e-01
2.829705819699027680e-01
2.926490207919032471e-01
2.979566226096923565e-01
2.983960622010770058e-01
2.853880278740476562e-01
3.017719987832154227e-01
2.825848431469943356e-01
3.207969514345784257e-01
2.918391260777817298e-01
3.058976020663302098e-01
3.061064510495881130e-01
3.056534094743617591e-01
3.192918532543342347e-01
2.954777917099115636e-01
3.062033010274300415e-01
2.938394806190257613e-01
2.922823388018347401e-01
2.982413127687212340e-01
2.994957600638276651e-01
2.970551474966895977e-01
3.108379441274700117e-01
2.933997992762892304e-01
3.162294561951754512e-01
2.957637364742123354e-01
2.965914574733013453e-01
3.090035761695818506e-01
2.878678484375413182e-01
2.965411319975639337e-01
3.027449970024238546e-01
3.028901138743852473e-01
3.171680296541640187e-01
3.144608058641714665e-01
3.126096916442279161e-01
3.034812628518205879e-01
2.863121716639067116e-01
2.880802361912488396e-01
3.024753629617902284e-01
2.954875184071986127e-01
2.909370631711987176e-01
3.053475420979494537e-01
3.181226303532693755e-01
3.131352269023839896e-01
3.033833849435956243e-01
3.008077978890694171e-01
3.159525611098876197e-01
3.007932974712606011e-01
3.029524953939061738e-01
2.950361541702026247e-01
3.013554259852021522e-01
2.809958137429687253e-01
2.900460793911297519e-01
2.984067616795117450e-01
3.172433048183109228e-01
2.923937507799914681e-01
3.010898278265028982e-01
2.986436838915255132e-01
3.045607228413719780e-01
3.011793381752997933e-01
2.888394103643660560e-01
2.925650533629349237e-01
2.923208201632311320e-01
2.967273279083651460e-01
3.131870421427922491e-01
3.031967864667659551e-01
3.036813272334003555e-01
3.075517085011164609e-01
3.055111491584199812e-01
3.153343775178434893e-01
3.011945125812589552e-01
2.974971131199591889e-01
2.973493715083874722e-01
3.001745545194877129e-01
2.962924766716153457e-01
2.894548316716692993e-01
3.213287689538175673e-01
2.916458818522225105e-01
3.158504212113602549e-01
3.123059291696604345e-01
2.885704040310177465e-01
2.778459783460919819e-01
3.248597234572999093e-01
3.196772556776973362e-01
2.962770337616120186e-01
3.155661657840684864e-01
2.921350499945421508e-01
2.854045319733605202e-01
3.083355282103053541e-01
2.939900344148367872e-01
2.962193142564444881e-01
2.979834827279143616e-01
3.347835003592322112e-01
2.947398911993245885e-01
2.920703883070394635e-01
2.763165565780318356e-01
3.080230204279565398e-01
3.069455762076105376e-01
2.997046354735215523e-01
2.989149904195499419e-01
3.057054749966396368e-01
2.766012500555118381e-01
3.012042769747769744e-01
3.116047533596211783e-01
3.110172334447653397e-01
2.886601619310991129e-01
3.136055342027309067e-01
3.038116733490099364e-01
3.030400163982895911e-01
3.199545563279019289e-01
2.942572879443430822e-01
3.121434124499549156e-01
3.076621154492764076e-01
3.064856310514417204e-01
2.915200900062294154e-01
2.998646712415738436e-01
2.937737489856042106e-01
2.841030755939578656e-01
3.037871106500136809e-01
3.023276644594683482e-01
2.993353550322879753e-01
2.795766759264728951e-01
2.936023355414787983e-01
3.000909373977730388e-01
2.820368306572210160e-01
2.976677628900694650e-01
3.036221553725136912e-01
2.925488140485665856e-01
3.095505071610156200e-01
3.043969114718612090e-01
3.008546622462372477e-01
3.012795655181405019e-01
3.032498707846808528e-01
2.970130280479770790e-01
3.057860991640859449e-01
2.959917021047276386e-01
2.973543345504094937e-01
2.891093670407041127e-01
3.023840542748078564e-01
2.987476839350962643e-01
2.994732407466133561e-01
3.018378389610025803e-01
2.806664342201720674e-01
2.946293795974979091e-01
2.800980143091276742e-01
3.059628726402885412e-01
2.872361188018092704e-01
2.934570916726909062e-01
2.927249318328518091e-01
2.958122119884086798e-01
3.026793918861443444e-01
2.872934029547187240e-01
3.028461168941737891e-01
2.975893138695039908e-01
3.076884026324992472e-01
2.874102939058076345e-01
2.980314075000745633e-01
2.919007053161687959e-01
3.061762424098305457e-01
2.994417830621340926e-01
3.204033539280454757e-01
3.061677417677179380e-01
3.027919782051461395e-01
3.110786860947884480e-01
2.841423184558592996e-01
3.070910416262154774e-01
2.954732142589350241e-01
2.937836285215758569e-01
3.071160749757823605e-01
2.984843070802962184e-01
2.900976279121812440e-01
3.064119126484557976e-01
2.848156994357818328e-01
2.953819971927305055e-01
2.816622523345903573e-01
3.031709750461534236e-01
2.988336647249662525e-01
2.837768689126694555e-01
3.102769014660825553e-01
2.856462340552179402e-01
3.085317026316714561e-01
2.950152216536994221e-01
2.874047988604480630e-01
2.830509421764517142e-01
2.729441204479385319e-01
2.978777106488587623e-01
3.080319248830039047e-01
3.000170328167808820e-01
2.900424446851893046e-01
3.144638482550498604e-01
3.017681772465520829e-01
2.849351462790486456e-01
3.116904638707786446e-01
3.000331318987450868e-01
2.798172626293850551e-01
3.125637561109746443e-01
3.054241606997795677e-01
3.050868218892894279e-01
2.909420607764061639e-01
3.057524692554772772e-01
3.008753260389588902e-01
2.938626851710705590e-01
2.880879297515270832e-01
3.051705064838401982e-01
2.940106105092237798e-01
3.008128373824631718e-01
2.924397991259202745e-01
3.075900982583898435e-01
2.886686992458899481e-01
2.968170951164085247e-01
3.028736488169407326e-01
3.085399901554228830e-01
2.962818493432676781e-01
2.985315996268666505e-01
2.968073405311782986e-01
2.869638764889168026e-01
2.951071407258767931e-01
3.129387745194507908e-01
3.097859646852960669e-01
3.125854899559977196e-01
2.855242801978009615e-01
3.093736075128405982e-01
3.165884314187690229e-01
2.857999489047146069e-01
2.877109037487492471e-01
3.019031167130891147e-01
2.992344424733628383e-01
2.949770631049762892e-01
2.941502154070286812e-01
2.989054202427416929e-01
2.998332215524048272e-01
2.802048732116557694e-01
3.002898073313535199e-01
2.840364101605015734e-01
2.940215201569501002e-01
2.892321357746324151e-01
3.046307502092895914e-01
3.175268421901321081e-01
3.028920987401946818e-01
3.121609757282607367e-01
2.956738208559081538e-01
2.979186377349560821e-01
2.835094476421621823e-01
2.944074769132292713e-01
2.884664127788547638e-01
3.104962819549165198e-01
3.215792593930272836e-01
3.078701391572261081e-01
2.832642174826688342e-01
2.665825031788857102e-01
2.810889598320062688e-01
2.837784132301832685e-01
3.046615823672580436e-01
3.078493277899663205e-01
3.079371354920870663e-01
2.866994833589975866e-01
2.936248454400544605e-01
2.893879143723810943e-01
2.890979067629763644e-01
2.982707625044949684e-01
3.052425003281781235e-01
2.973202759643170934e-01
2.952655172947606932e-01
2.970053048354873160e-01
2.987295891694011218e-01
3.076813027993033911e-01
2.969026459796316741e-01
2.976168380496948540e-01
3.078310819687473665e-01
3.004212594812054604e-01
3.106995646669304389e-01
3.028470524560978316e-01
3.084873588939736622e-01
3.076226110200884212e-01
3.066309310451038606e-01
2.990822300190080218e-01
2.974136905889504523e-01
2.993070625069300661e-01
3.191025146078230734e-01
2.936158535977071993e-01
3.077787296472109801e-01
2.999593505354418155e-01
3.053864743885384980e-01
3.200446655761634562e-01
2.932651141796184247e-01
2.883994853822836046e-01
3.101568925557378620e-01
3.220176975412670783e-01
2.889975372791083186e-01
2.921202116622944045e-01
2.962084051379587080e-01
2.991118876361331669e-01
3.063614622618548999e-01
2.955284530651183239e-01
2.777901099094345350e-01
3.082706298649624532e-01
2.920326427318936102e-01
2.972509626188576948e-01
3.044000747878502500e-01
3.076369174173137488e-01
2.984773535187543181e-01
2.876583065356556612e-01
2.944944691629305389e-01
3.053999383148671143e-01
2.944799646905148505e-01
2.993061567139327916e-01
2.911864590269049313e-01
2.889493450420241305e-01
2.856421914774305848e-01
3.023304272546943894e-01
2.990125031240725151e-01
3.052538283570018218e-01
2.973253811527173940e-01
2.886951172371821639e-01
2.865458816494148575e-01
2.948705196384324156e-01
3.153015394088046208e-01
2.995523385585893705e-01
2.978792000309909982e-01
2.921588990909723127e-01
2.944289348576973331e-01
2.984867725601183519e-01
2.950012777506290096e-01
2.974514934293760460e-01
3.021962491761937541e-01
3.003331097910262870e-01
2.880672203820315302e-01
3.093342231397739894e-01
3.283228219266212111e-01
2.972215140454947946e-01
2.961879167363039023e-01
2.994502526434074663e-01
2.908950074135150388e-01
3.103856471486292623e-01
3.009650956646836018e-01
3.050699611816208301e-01
2.949511489077282778e-01
2.865837102040908468e-01
3.047357304755829999e-01
2.979032760541188707e-01
3.083446106813194088e-01
3.163941921955041314e-01
2.947902834512834414e-01
2.886433032700710943e-01
3.120066089805242360e-01
2.939961175703668106e-01
2.936085370486918311e-01
3.120067907371329996e-01
3.058285997614387242e-01
3.022085904811167567e-01
2.969819769217888483e-01
2.935357884252016158e-01
2.973826609050679304e-01
2.873360928439221973e-01
2.898108376962194588e-01
3.005936223958039499e-01
3.061934774198730169e-01
3.107486323671174722e-01
2.920918641019507045e-01
2.901699627074599275e-01
3.067446972601208244e-01
3.048989111971400767e-01
3.068483635478850280e-01
3.039635542796504386e-01
2.966267902408664114e-01
3.033361901940634930e-01
2.975874803361484577e-01
2.861150812566892743e-01
3.011006133777875959e-01
3.020146697825280002e-01
2.821417141136716156e-01
3.127514037732396224e-01
3.082363678898596415e-01
2.973411059738490514e-01
3.088283226706037832e-01
3.045045789100020439e-01
3.041073923650393085e-01
2.880784820696985493e-01
3.142450770118331294e-01
3.025926582009935140e-01
3.177324798815263085e-01
2.978119183283813864e-01
3.051864697713481678e-01
2.919240892573903845e-01
2.991298538874251345e-01
2.702443395471179621e-01
2.928056159098877398e-01
3.014296434394634905e-01
3.150181771996606317e-01
3.005348191611845743e-01
2.965488416351102496e-01
3.055146426037163021e-01
2.816749476480587266e-01
2.870951732009777713e-01
3.065784428364214387e-01
2.982759478578864698e-01
2.917218156391702122e-01
3.032900499713265252e-01
3.019225959952958060e-01
2.987691427793903176e-01
3.115654572874611561e-01
2.849940406351187394e-01
3.224389610254740912e-01
3.021584606777107385e-01
3.006593093733470057e-01
3.030938532748229663e-01
2.841328217267028999e-01
3.032310346114929223e-01
2.963530589669133297e-01
2.942426174620952350e-01
3.142134924909155136e-01
2.919637552774425604e-01
3.068694590523269872e-01
3.042534919271082661e-01
3.007177978719743905e-01
2.967195532924133405e-01
3.009128399163557011e-01
3.050297800707112428e-01
3.070642101158819748e-01
2.933702463816691419e-01
2.998848581526205037e-01
3.058700630402735321e-01
3.064594567617448528e-01
2.897628272583177012e-01
3.124059189672166448e-01
3.014720521417039723e-01
2.926895192863939177e-01
3.159854468675292183e-01
3.008775859833330291e-01
2.921799108890238417e-01
2.947668718488452022e-01
2.900971045243515012e-01
2.970934869165104408e-01
3.062656733272154930e-01
2.953463107871100446e-01
2.794700176234785616e-01
2.892617329396325876e-01
3.053553134142206194e-01
2.894063907678338654e-01
2.966964533324344955e-01
2.930400953420488896e-01
3.014233907482997687e-01
2.893070436484295183e-01
2.994352795691180846e-01
2.950044639369230337e-01
3.044709565910502791e-01
3.090656271844158809e-01
3.049197572019278213e-01
3.108562864842072115e-01
3.122857518979597624e-01
2.943995860389389541e-01
2.861512386943212971e-01
3.069949857181685227e-01
2.897671413408707819e-01
3.114542868063489567e-01
2.916014287938425431e-01
2.960907804698499901e-01
3.054850852193387034e-01
3.086937384974068888e-01
2.981210115683101125e-01
3.095624663882910466e-01
3.122456596586190014e-01
3.040568375173666738e-01
3.010453099367632612e-01
2.805086189844715472e-01
2.963692142986474876e-01
2.950827479246554974e-01
2.792196027906775901e-01
3.132328069697050132e-01
3.062410256211345327e-01
2.847906322314653904e-01
3.009248046980982916e-01
2.996283567561367489e-01
3.071189134632173467e-01
2.949770552041746652e-01
3.126802966736769718e-01
3.073546975300945894e-01
3.175647469649192089e-01
2.866370764178193808e-01
3.106397821414174087e-01
3.019629741192473293e-01
2.901835092738236366e-01
3.104194457339125024e-01
3.177766251765409833e-01
3.106448803760000210e-01
3.084696179260017490e-01
2.935190377756060620e-01
2.904621487335049546e-01
2.933217904466796089e-01
2.868403242686684562e-01
2.986180572600488081e-01
3.024898737198416510e-01
2.918007845428247093e-01
3.029177936877023858e-01
2.870989397356561446e-01
2.895657395327171368e-01
3.009981265805309336e-01
2.961731350315214284e-01
3.013908211593682163e-01
3.025780031243937018e-01
3.124218735614097131e-01
3.134171835261709838e-01
3.242144865605252058e-01
2.821690376220338803e-01
2.787437075088013971e-01
3.025130511940529177e-01
3.026203676638407059e-01
2.965483684613410831e-01
2.889504870198899011e-01
3.074951800943746538e-01
2.999001560319763393e-01
2.896419815846283941e-01
3.120681443266823951e-01
3.034227149117472710e-01
3.099033154750149288e-01
3.091676281855564867e-01
3.034111430023807565e-01
3.232249949662429067e-01
3.041520276426578073e-01
2.841641443134214629e-01
3.215089684472149933e-01
2.932223887696921438e-01
3.195055452669840479e-01
2.894439550211345691e-01
3.207647074529437758e-01
2.922154458120950760e-01
2.920218694150733540e-01
2.880625603012103575e-01
3.078327431833964845e-01
2.918048735973361452e-01
3.041646204564280032e-01
2.870786813907226231e-01
3.048205754788754773e-01
2.954584673697162600e-01
2.932458798760085861e-01
3.076351152852702664e-01
2.874098337871348607e-01
2.978237919216379370e-01
3.155547381986567590e-01
3.034700988496858431e-01
2.930431604762276931e-01
3.063142313330797784e-01
3.061802038025461803e-01
3.034362146159422235e-01
3.048950009742859013e-01
3.056097389461197023e-01
2.955863910649633164e-01
2.988816865273226098e-01
2.956219292833826007e-01
3.037060567283611512e-01
3.104983815380515377e-01
3.059136313723385125e-01
2.909824175424653991e-01
3.057940166077475208e-01
2.904789453221445772e-01
2.949093432925575797e-01
3.184876784525724203e-01
3.075514484715697883e-01
2.937597959712607287e-01
2.923718498522890341e-01
3.052904466860107413e-01
3.181165002227315797e-01
3.026613240338323907e-01
2.870903832331854755e-01
3.032349173523978259e-01
3.165219714141175311e-01
3.045681096463910831e-01
3.169980361797063440e-01
3.092922655468837712e-01
3.132248010356261103e-01
3.044854874410489187e-01
2.970871325031375632e-01
2.819864859757517661e-01
3.002684229251710302e-01
2.923689373553537418e-01
3.128938419559992301e-01
3.083707755903200010e-01
3.028199488337805501e-01
3.054764418655650515e-01
3.024301717296734582e-01
3.075693744477654978e-01
2.956634572430387742e-01
3.024661081124088158e-01
3.019594612088913332e-01
2.844696441193673708e-01
2.876194972427641439e-01
3.092920848067251538e-01
3.060550647366521160e-01
2.833552583709531003e-01
3.055494836855649488e-01
2.940736253761933039e-01
2.924663561959046643e-01
3.019631821511528647e-01
3.096841666742785604e-01
2.758528468702043934e-01
3.195646574195520895e-01
2.902558533603539770e-01
2.950062327880825785e-01
2.839789550544219443e-01
2.918734355263165603e-01
2.817281833128914004e-01
2.965231900568339185e-01
2.918831908673074071e-01
2.911712063738636225e-01
3.110201616984903938e-01
2.978270278593629361e-01
2.905608803141015994e-01
3.053663399876103135e-01
3.123660098674340135e-01
3.111825601387867013e-01
3.085169501151239224e-01
3.094334463187234929e-01
2.929671965892107210e-01
2.958550329663996448e-01
3.048130716383648520e-01
3.032437579511422232e-01
3.227035198967316276e-01
2.869257802765409759e-01
2.984871251655966673e-01
2.942347438910555835e-01
2.981314919699172838e-01
3.154096499586109270e-01
3.027715294870034213e-01
3.185625248520786434e-01
3.054276445243012672e-01
3.160225002431710228e-01
2.911511126857972420e-01
2.988867950930290673e-01
2.882405094294266945e-01
3.096094048712652591e-01
2.923922178101198144e-01
3.093395309386274827e-01
3.195747735197582706e-01
3.048662551681237676e-01
2.943182003004501945e-01
2.956610968157918906e-01
3.047270500099672486e-01
2.932657258590122829e-01
3.057865074332759558e-01
2.976332505821487895e-01
3.050642941028116617e-01
3.016142743459680475e-01
3.108681874921634392e-01
2.911276992353580839e-01
2.911923705895357872e-01
3.024551215182332831e-01
3.111131809224016442e-01
3.054897642159304927e-01
2.917255593668405256e-01
3.113690397830670697e-01
3.116065517641321558e-01
3.115588457831768854e-01
3.135515063837633343e-01
3.148869289794172244e-01
2.763520094149288231e-01
2.994453524112274390e-01
2.881402830208832921e-01
3.157693157809911000e-01
3.236376394204818485e-01
3.081712596773964474e-01
3.036842708614728714e-01
2.822211946112928027e-01
2.866230462980370319e-01
3.090165952906083202e-01
3.018997846194397816e-01
3.030985010657238909e-01
2.964758798622521563e-01
2.987307107716712373e-01
3.101696528675516040e-01
3.113438381043306946e-01
3.171035397464649352e-01
3.048170055931692102e-01
2.924997626295439690e-01
2.973396486868453148e-01
3.048115954853221066e-01
2.941381621766035459e-01
2.846423483862832726e-01
2.984296594878032560e-01
2.967545569407913919e-01
3.022609772048207022e-01
3.301075550219966792e-01
2.984027322336111898e-01
3.056308121049015614e-01
2.855288207809916212e-01
2.942381868114263277e-01
3.023498270560904810e-01
2.951558110919546563e-01
2.823714689167788894e-01
2.961074403227194618e-01
2.892315199575917761e-01
2.816213526728879590e-01
2.902170991069413786e-01
2.965983981681897808e-01
2.849382931123642937e-01
3.060784775998520724e-01
2.957025566965643670e-01
2.894837906928973137e-01
2.868024950656859473e-01
3.056109912696387543e-01
3.129123632455622084e-01
3.023402774835520779e-01
2.989170590191090882e-01
2.864330521599994239e-01
2.934118574796874546e-01
2.949515871370690934e-01
2.922466779986684915e-01
3.272236044736785976e-01
2.992273908305554397e-01
2.999493715836202834e-01
2.923672041233641439e-01
3.211928777138774449e-01
2.960977385355216263e-01
3.048506860327138690e-01
2.913712696243195288e-01
2.977651378462176646e-01
2.979594222413669558e-01
2.984277265573770377e-01
2.935286807480882998e-01
2.911288619592004578e-01
2.967057834634529989e-01
3.013855430822474646e-01
2.908984262441077773e-01
3.071383572717947263e-01
3.009109488586658721e-01
3.103360537850481937e-01
3.138191632909508866e-01
2.818988171044258251e-01
2.942149944860336097e-01
2.908823144693662432e-01
2.929848368587278373e-01
3.006820280179361982e-01
2.990734053254583413e-01
2.977490846178496020e-01
2.876573145052211400e-01
2.954323590480502082e-01
3.007898612632018964e-01
2.919238047273546854e-01
2.911081036133896793e-01
2.768013252675083913e-01
2.961932416173009841e-01
3.068726412509997226e-01
3.110895829810197410e-01
2.973359708023868841e-01
3.160686749619981417e-01
2.800607693218290506e-01
2.948110647662448569e-01
3.037017108179971836e-01
2.985954846830364273e-01
2.973418308001506416e-01
2.998388399065798349e-01
3.055155628363738773e-01
3.110365315486118831e-01
3.065787859897076695e-01
2.996989458568626863e-01
2.876882216490634914e-01
3.149202722792847076e-01
3.095829858729207684e-01
2.992615902680189621e-01
3.004919233401572298e-01
3.180690553147237365e-01
2.805298356480292465e-01
3.076394828221367672e-01
3.055190898962342749e-01
2.914913990794405496e-01
2.850449298074443361e-01
2.934899922789693250e-01
2.893173719847826897e-01
2.886923053036429265e-01
3.037143341848753120e-01
3.050008729084465187e-01
3.120809594694467504e-01
3.192429589141245194e-01
2.953474186858138228e-01
2.799735900000656641e-01
3.052129158749782301e-01
3.190941802721581899e-01
3.036752625867490951e-01
3.184789629828273516e-01
2.867232801729623914e-01
3.121122053629520332e-01
2.837803261450671521e-01
3.113780998892458074e-01
2.963356732192722331e-01
2.921338879439604463e-01
2.966341077290531314e-01
3.047769553036734913e-01
2.938600202359919478e-01
2.972759156751944021e-01
2.962140639001278886e-01
2.955220600606747738e-01
2.911210640884847045e-01
3.135904466949709368e-01
2.994729276726274536e-01
2.964269609870318622e-01
2.938022177504409638e-01
2.988034808118365526e-01
2.989920313009029607e-01
2.866443817490027524e-01
2.895903675204376526e-01
3.153576766605011850e-01
2.948235750052045079e-01
3.142274075332806005e-01
3.183104825394419968e-01
2.896824248687915881e-01
3.054900165732416517e-01
3.118482867963228156e-01
3.027677055744882328e-01
3.053596080042287331e-01
2.896226424661568211e-01
2.963393362699748845e-01
3.106576398349213952e-01
3.011999465432376177e-01
2.972698723378389141e-01
3.025834783824785101e-01
2.845652118104448070e-01
3.020543003007221672e-01
3.116666264959620514e-01
3.027675774496788597e-01
3.102685532288237957e-01
3.151750076352758945e-01
3.097417548586887670e-01
3.006768507149875091e-01
2.926344843325850431e-01
3.008131354893472387e-01
3.006897434662879065e-01
2.771904548109364597e-01
2.966146602937016485e-01
2.874841005151603790e-01
2.984418055635953415e-01
2.923428961752266853e-01
3.132107550667613260e-01
3.036410161268605079e-01
2.892622498025795852e-01
2.967198380593088491e-01
2.824793152454172507e-01
2.877413145515239634e-01
2.907325601668517279e-01
3.003869709763105078e-01
2.865866742319182481e-01
3.001141663892429312e-01
2.966840163657981644e-01
3.059184079486839680e-01
3.005203069009108607e-01
2.896941853616233353e-01
3.000836724238638009e-01
2.924875228832582996e-01
2.903172666248753919e-01
3.101788693666984176e-01
3.002928979923040753e-01
3.089788591550952646e-01
2.958347890264097502e-01
2.924701266337909611e-01
3.044185690631642793e-01
3.141837884449059648e-01
3.115293875053358752e-01
3.124021780044069496e-01
2.873031909559466968e-01
2.890877855829724341e-01
2.967236429907283979e-01
3.174345413413445782e-01
3.046557697633810458e-01
3.025824698886152575e-01
3.009450182903163906e-01
3.376930696653183683e-01
2.813234614737476491e-01
3.003048393899898083e-01
3.083070233400311833e-01
2.968291148485683872e-01
3.203946258780413503e-01
3.040658121940109093e-01
3.023881461662329961e-01
3.120752044677012060e-01
3.127963453694513896e-01
3.015239053730767727e-01
2.840821624085737573e-01
3.037230021237007360e-01
3.167231731281870410e-01
3.055216572906288564e-01
2.755870073462200476e-01
3.085231402567171211e-01
3.005258427450150371e-01
3.013852067856089834e-01
3.249261542346375542e-01
3.023233081282994394e-01
2.951349790692944786e-01
2.918763000644265526e-01
3.079816343354425667e-01
2.898447167702452032e-01
2.903818137604876615e-01
2.939234487384214667e-01
3.104247890609408977e-01
3.017495502495981530e-01
3.110270652958047610e-01
3.142119517840081810e-01
2.915054958712820499e-01
3.067543935911529740e-01
2.821582949303788057e-01
2.949412539633253227e-01
3.161526398906434610e-01
3.042762905933365514e-01
3.033343118300745878e-01
3.080844281907370585e-01
3.117867530303358725e-01
2.980189188976728465e-01
3.017337681146560757e-01
3.007376841799022094e-01
3.019594373704935775e-01
3.081125981778461420e-01
2.938395467495183433e-01
3.025999641085383995e-01
2.957592592121461306e-01
3.076633635798473043e-01
3.020866858668360133e-01
3.061863341250509185e-01
2.991968774357590122e-01
3.080749233171579116e-01
3.048395197344259122e-01
2.992338165467163247e-01
2.975269606494689856e-01
2.958232959269180840e-01
2.935388436898769826e-01
2.881865864417364476e-01
2.979497503568930838e-01
2.963112687076253637e-01
3.022605572715875710e-01
3.126709607566494631e-01
3.000193655624940337e-01
2.975653400162477369e-01
