7.252007012174120915e-01
7.010251457194721647e-01
6.936934976844775225e-01
7.100900184904062051e-01
6.945789296678405167e-01
6.887437316762907713e-01
7.051538257439021740e-01
6.968330309764472208e-01
7.037179349497278968e-01
6.835474692481986470e-01
7.048966500434474813e-01
6.634398196436542827e-01
7.308493203244150749e-01
7.142018674532067957e-01
7.586429450629584847e-01
7.090764430421867548e-01
7.056321768461278898e-01
6.878404431324436352e-01
7.187399943521550760e-01
7.231207829673010901e-01
7.022672608803866012e-01
7.362520364961677721e-01
7.082177233004489647e-01
6.907040652214743170e-01
6.786016670029685338e-01
6.752633589422031291e-01
6.954020868509781517e-01
7.161911988786626715e-01
6.897776294015923737e-01
6.933813873843656106e-01
7.349060856479553427e-01
7.193841797680945449e-01
6.976464321828488302e-01
6.911867791511726589e-01
6.918472555136304658e-01
6.600450469123327890e-01
6.766710101751252093e-01
7.221031801191402089e-01
6.941384535797839872e-01
6.789237114852432198e-01
7.194425050272760247e-01
7.126212989576014012e-01
6.902302708803612630e-01
6.777301119500042104e-01
6.702054082276677205e-01
6.847044907061395902e-01
7.148381495844200462e-01
6.972836919997813521e-01
6.893158330414200785e-01
6.729902097857419774e-01
6.871728360130597846e-01
7.152586724517745465e-01
7.041238155349475170e-01
6.963224868004611601e-01
7.055318405710627738e-01
6.707232222536732014e-01
7.237711497880934264e-01
6.914908996417294951e-01
6.795085613000991787e-01
7.308704404073459449e-01
7.165525316105513243e-01
6.703422109654980643e-01
7.182893775880048182e-01
6.892532285321041341e-01
6.866763000980016241e-01
7.255335971112842897e-01
7.153166695328304625e-01
7.201387876526375020e-01
6.981714279874154938e-01
6.913203014190013596e-01
6.879008189901244519e-01
6.796400465287509851e-01
6.932976142899757166e-01
6.772741024717201519e-01
6.783576034304478197e-01
6.877771081347789917e-01
6.939883557140250625e-01
7.053542321883422561e-01
7.255234667881917954e-01
7.197451816671237568e-01
7.465871324905931639e-01
6.847450161721118089e-01
6.968907451846717560e-01
6.899625352129212796e-01
6.804248804420994778e-01
6.898356370598552889e-01
6.767324507449286042e-01
6.967834953853696556e-01
6.942467965248982908e-01
6.763391519377091043e-01
6.946222437647111558e-01
6.719265479084753911e-01
7.387054205576812915e-01
7.039408976645824545e-01
7.137594170561600837e-01
6.813512010382474227e-01
6.884765941213060181e-01
6.885779022696508767e-01
6.809299963308768078e-01
6.683325598989000582e-01
7.114561489782779136e-01
7.247412074193512188e-01
6.750600071911722067e-01
7.165137466174991143e-01
7.353776882558712424e-01
6.638113250000897692e-01
7.088605418427607052e-01
6.808358389594486582e-01
7.136966856132496151e-01
7.066255335197714205e-01
6.891046416549762021e-01
6.911597146585537477e-01
7.051911244118488353e-01
7.255257256122999987e-01
6.725625443167162487e-01
6.885065249693649303e-01
7.243350990186284699e-01
6.965860990106751416e-01
6.871829793526861296e-01
6.882306827583725140e-01
6.930827465576306912e-01
6.693798096986244284e-01
7.093982765668681578e-01
7.171268132718067179e-01
7.071050789492860922e-01
6.833253986145462200e-01
7.331990822583617229e-01
7.033381513076433222e-01
7.302945769322054526e-01
7.106606688644616643e-01
6.743947289618212881e-01
7.148799427867937872e-01
7.038727712920682666e-01
7.299922723755873921e-01
7.089625071960615754e-01
7.070669878820731169e-01
7.195875288142511428e-01
7.001723719146196734e-01
6.872850109900329185e-01
6.946493080417304178e-01
6.939660965598873910e-01
6.805842526976626505e-01
7.011771285853733993e-01
6.889403502446552752e-01
7.043387172451220923e-01
7.023672830631674247e-01
7.186561277302105921e-01
7.365423970816620258e-01
7.180704847642529476e-01
6.993984635758736523e-01
7.081536304196843767e-01
6.712308984215034080e-01
7.166737801958482645e-01
7.191235705417203805e-01
6.982837941519965952e-01
6.730006923356602888e-01
6.887292124192652132e-01
6.788188240516286331e-01
6.887385827430040353e-01
6.787692406942933410e-01
6.918710390745151928e-01
6.706575693985852293e-01
6.717636955036462298e-01
6.788811314909954930e-01
6.505108354583858388e-01
6.717553910828116814e-01
7.276909533383028039e-01
6.990699411999540258e-01
6.794397827690419334e-01
6.911618557447291034e-01
6.991081071511920930e-01
6.995503009069193867e-01
7.388200505706552512e-01
6.972029395005555630e-01
6.555150897766174323e-01
6.977780349521308656e-01
7.122361219665754861e-01
6.837111470478332009e-01
7.012303892324077692e-01
6.834405781736542229e-01
6.879242799666207553e-01
6.872921935053344367e-01
7.072473195987559746e-01
7.125759012296946082e-01
7.224864369574034439e-01
7.253224758546452655e-01
6.947328297211822212e-01
7.512028714839545929e-01
6.560218017777235122e-01
7.184694934001647493e-01
6.994682697634706514e-01
7.093205470789236688e-01
7.099216229330879147e-01
7.072761179040186752e-01
7.111137960583143736e-01
7.030095768613897622e-01
6.975049900296881322e-01
6.992587642289687100e-01
7.030694670753898645e-01
7.086824964598461563e-01
6.554125394239466162e-01
6.779905449357318536e-01
7.001404103008425084e-01
6.852591560185228303e-01
7.385454190880698100e-01
7.133883254295024789e-01
7.142859985358853692e-01
6.993214900214239638e-01
6.996596782101296430e-01
6.859953185550003996e-01
6.981306417719702617e-01
7.143280359613445318e-01
6.648406852446991921e-01
7.067997441509961121e-01
7.183295521583776821e-01
7.335637032393762524e-01
6.938171155365532305e-01
7.482042863929915244e-01
7.117800640831042358e-01
7.231299752862040409e-01
6.887812162433675223e-01
7.129307799123483225e-01
6.733467346245574081e-01
7.142106328753455857e-01
7.056383924293175847e-01
6.908163059369604175e-01
6.911306103522468769e-01
6.877996980785087144e-01
6.724977326524989030e-01
6.634568515684625689e-01
6.886565065650376294e-01
6.739217052605704916e-01
7.331753357306642904e-01
6.379597443427934556e-01
7.094387325923752208e-01
7.075975145320702042e-01
6.453710622836518196e-01
6.999715462452128500e-01
6.673696138551404866e-01
6.733225286505039042e-01
6.812571322533922391e-01
6.727752502538457691e-01
6.982819506538225918e-01
6.766839639244127680e-01
7.047258545912031824e-01
7.181345032591162081e-01
7.211247083162110050e-01
7.319087262541862371e-01
6.747957065910791252e-01
6.657160498775887003e-01
7.081464832308139723e-01
6.548528719678301524e-01
7.219973794918396193e-01
7.072896759832347779e-01
6.832393469354838267e-01
7.000356076496518920e-01
7.279737277475022417e-01
7.073012512492068415e-01
7.371676823020232305e-01
7.156374245934654654e-01
7.215065493796772866e-01
7.043895930429562302e-01
6.876432541577646163e-01
6.827482266070260541e-01
7.014111939507428062e-01
6.774319721255834814e-01
6.839995232847487783e-01
7.160312528719193770e-01
7.116109437713217245e-01
6.810693063105273115e-01
6.760583742866698165e-01
6.978505117974548311e-01
6.900794059090999966e-01
7.103073365679309914e-01
6.814550945826862716e-01
6.833962006622382734e-01
6.965962456813948878e-01
7.367046470526174007e-01
7.156319670357488283e-01
7.118068766021488081e-01
6.778056609460263449e-01
7.194661714507118999e-01
7.111774540669530964e-01
7.012479087829709412e-01
7.093654287301706107e-01
6.883786255601895832e-01
6.933856039450393416e-01
6.824905356009696167e-01
6.956456511645107144e-01
7.443212756577468614e-01
7.017549509319249701e-01
6.893964966302793540e-01
7.152776232529943767e-01
6.819278667147082862e-01
6.495475610066850924e-01
6.712181381359967336e-01
7.241790626771871242e-01
7.144959431754942525e-01
7.041388418143731398e-01
7.127642974692051103e-01
6.907359533796639806e-01
7.098502182405797001e-01
7.294658912884511848e-01
7.258438693740710823e-01
7.255428308393889747e-01
7.300013960416038561e-01
7.151068719306599153e-01
6.944340925509723261e-01
7.033755396797144455e-01
7.086056492724718270e-01
7.062793230913190223e-01
6.936294785560964682e-01
6.963880088806816415e-01
6.987907683596232822e-01
7.129237434494425374e-01
6.970408111734675005e-01
7.054798543088954821e-01
6.843351848154458628e-01
6.928119709427378314e-01
7.155279032585933896e-01
7.053345202810155090e-01
7.063386543149301477e-01
7.175752451107704211e-01
7.054934611995672400e-01
6.795987498634256108e-01
6.801206929767418252e-01
6.856219628084955220e-01
6.693652727921769463e-01
7.339899343847805513e-01
6.670801720472695484e-01
6.505128514955960117e-01
7.047242896869420070e-01
7.286677917171962005e-01
7.021682999459647467e-01
7.172977950266770097e-01
7.275998924888014141e-01
6.840827892151094547e-01
7.384200027045733083e-01
6.833577258688605660e-01
6.989339452996368163e-01
7.042229855588247878e-01
7.085298350114543897e-01
7.111733530915637091e-01
6.980962064210807227e-01
6.985095202356579325e-01
7.011017716711321901e-01
6.802425971186948361e-01
7.371626076822029860e-01
6.854324762207073540e-01
6.988471573968710882e-01
7.125017917279709012e-01
6.744565904084954822e-01
6.908784687172185857e-01
6.928830795340075177e-01
7.017200182216837279e-01
7.078346910958408511e-01
6.605073882177415756e-01
7.053895216108859723e-01
6.876969519074535020e-01
6.934046387800091304e-01
7.374214999111495805e-01
6.630929411951358432e-01
7.133792927040382148e-01
7.425673099260757803e-01
7.091307283278061036e-01
6.607780210387903530e-01
7.106099320437015976e-01
6.941269687643140118e-01
6.793499000943870048e-01
7.054758900372303243e-01
7.068276561341956254e-01
7.095944847151156587e-01
7.007762588935944059e-01
7.150462194018247786e-01
6.952568324435283165e-01
7.243528203204586680e-01
6.980963086104674531e-01
6.471328054657394802e-01
6.871239088076902535e-01
7.456201010254426276e-01
7.061319814939578388e-01
6.894503973265775354e-01
7.633306342007367684e-01
7.005220295400272912e-01
6.825118656258739591e-01
6.656736764002845197e-01
6.931642363333437862e-01
7.019014637218341512e-01
7.029190881032953975e-01
6.934212538282332750e-01
6.952946800499774094e-01
7.058525079377301337e-01
6.996709665998143146e-01
7.102807751232321776e-01
7.024742795573561960e-01
7.107419734493497510e-01
7.142208198755688464e-01
6.779840945534097996e-01
7.161085011556661550e-01
7.113673634889966513e-01
7.035773371900354567e-01
7.166978590132822013e-01
6.580931010642629975e-01
7.274908099358992075e-01
6.939800961326516582e-01
7.077483436584095511e-01
7.376835799981852348e-01
6.866312315890404916e-01
7.563587828452316142e-01
7.220368013540674479e-01
7.143988089614143888e-01
7.067927422211690569e-01
6.786765119133437718e-01
6.845865256804103405e-01
7.152237125204273793e-01
6.676737935826299042e-01
7.023157366130206025e-01
7.171045652390310998e-01
7.027865207124002200e-01
7.049797536906112772e-01
6.749092296721771467e-01
6.817366246800173890e-01
7.415175131135628428e-01
6.833666562439363323e-01
7.043527924680138552e-01
6.961953475565040295e-01
7.105038252263782272e-01
6.748769381604017292e-01
6.884978877520935292e-01
6.871038901813025790e-01
6.783303804589829733e-01
6.706556280078234122e-01
7.194056884036484911e-01
6.718870636906514315e-01
7.092067120693826832e-01
7.226798283192102934e-01
6.924583136241907466e-01
6.761943402051376895e-01
7.011180001279780916e-01
6.730201660801138352e-01
7.068243187783388448e-01
7.175849855128396682e-01
7.065532522194788445e-01
6.873249954181215315e-01
7.156163228094667428e-01
7.285851493170336646e-01
6.606547486230723853e-01
7.257171631971295334e-01
6.867901469016225446e-01
6.860641584668486503e-01
7.008102442380707009e-01
7.099435484155509624e-01
6.978183178560328770e-01
6.922034697905071754e-01
6.819740758355099519e-01
6.768156085189854787e-01
6.584027044671358908e-01
6.838477254086005042e-01
7.125209317361347328e-01
7.064113566124816668e-01
6.780079292997359675e-01
7.125568402256403644e-01
7.129574722702363143e-01
6.914615440670862645e-01
6.822444035754451352e-01
6.843697034680240598e-01
7.142021619903239360e-01
7.047225316037066811e-01
7.217495462886113211e-01
7.004576757530758258e-01
7.120524597047563908e-01
6.892545524870395957e-01
7.271190519318657675e-01
6.705505549845987012e-01
7.025244721059831221e-01
6.973643404431562054e-01
7.418335682233950790e-01
7.040508856847539354e-01
6.853405947803381526e-01
7.152604206783585994e-01
6.527532616528349818e-01
7.004633175968046910e-01
6.829195617884419311e-01
6.819029635958077096e-01
7.015483800296716810e-01
6.644371647675163528e-01
7.268384358194456274e-01
6.960445436984677992e-01
7.065795560670439235e-01
6.996812820665376798e-01
6.966254469102218794e-01
7.083203039602634643e-01
6.716910801843953838e-01
6.810400727719363445e-01
7.008292842126719879e-01
7.100262688233464070e-01
6.832245638501670548e-01
7.252969545968039888e-01
6.880383655908619556e-01
6.749110772974303840e-01
7.026545021306987993e-01
6.990137820203808916e-01
6.865183799144912724e-01
6.632995932122996985e-01
6.771391225782092960e-01
6.758581866504529412e-01
6.653958353264632919e-01
6.835537045668438338e-01
7.164651356416132932e-01
7.077802380128790372e-01
6.933575790197668010e-01
6.971234554117199389e-01
6.903827267239345256e-01
7.233263043222913913e-01
7.029360419629528955e-01
7.335386261378998851e-01
7.087723294640699834e-01
6.944905457719162678e-01
6.946509133988422180e-01
7.326181218518199589e-01
6.637499444943575355e-01
6.910818752244027863e-01
6.871161484159266086e-01
6.942948700380615623e-01
6.809442680957762395e-01
7.092339246332648450e-01
6.857585669211238022e-01
7.019042645271840186e-01
6.890059335820711839e-01
6.864056031192311558e-01
6.841474376239777833e-01
6.916893755126499732e-01
6.648762813503596991e-01
7.255482233772717615e-01
6.848838503087877339e-01
7.015944526132706915e-01
7.029935227012560350e-01
6.921092273555209395e-01
6.995288378199194801e-01
6.978761203177367145e-01
6.542713379456718270e-01
7.358442603485011446e-01
7.125750869050307967e-01
7.072493012031955129e-01
6.885803555025949985e-01
7.063989345101180373e-01
6.920773428878536082e-01
6.984526876229136816e-01
6.994186678940399471e-01
7.431618226719556297e-01
6.974694602819652145e-01
7.466468713130476331e-01
6.844267686036584752e-01
6.978169860513935285e-01
7.110753775390920017e-01
7.080812832966454362e-01
7.069829293742690979e-01
6.784602074771756142e-01
6.847747662151029147e-01
7.000191324901936518e-01
6.981853003801679058e-01
7.113555511556114430e-01
6.905969398786119262e-01
7.151368611669149944e-01
6.606364969374846075e-01
6.780945025850186880e-01
7.044587158427833007e-01
7.099584602287791757e-01
7.257703932725224627e-01
7.438875351686953241e-01
7.307378172460894383e-01
6.978381639037722906e-01
7.218986721138634932e-01
7.262656323075604714e-01
7.172758442415970714e-01
7.043460230542212264e-01
6.775606302146668369e-01
6.743356881025487359e-01
7.232574397588280579e-01
7.004451226654351270e-01
7.086496339725120164e-01
7.128322213977071886e-01
7.053441835533473814e-01
7.520596142910487281e-01
7.231562173447282360e-01
6.806260921646947182e-01
7.030051376528877460e-01
7.298807387522785461e-01
7.102864531334188714e-01
6.688474507503077149e-01
7.001456062648454548e-01
7.232592979363917651e-01
6.782000848126893411e-01
6.729387771030204135e-01
7.110145344383697052e-01
7.202569602960690043e-01
6.646749894266842373e-01
7.246107006699319397e-01
6.965756647362399967e-01
7.237228203027727957e-01
6.892560869165569315e-01
7.272604377084034288e-01
6.898255949932611264e-01
7.317313889246985781e-01
7.090710050535452558e-01
6.856932373206826581e-01
6.732618199134220438e-01
6.851296869972942627e-01
6.594355068114287066e-01
6.897410082868218328e-01
7.125295172911472186e-01
7.057707809234355922e-01
7.263858799285912715e-01
7.097842337083418718e-01
7.101245524018775512e-01
7.036186715486680843e-01
6.811389338808833127e-01
6.889539192075749829e-01
7.029368001493239149e-01
6.887026196557849422e-01
7.039941728288697798e-01
6.862565978300534386e-01
7.032431565668432194e-01
7.183417310096440467e-01
6.655021679877737295e-01
7.210468104607903328e-01
7.340135649620164182e-01
6.876061405658336900e-01
6.718817657734750259e-01
7.145025615015746512e-01
7.275058820914632740e-01
6.628315703288205629e-01
6.650219704061902659e-01
6.864814628325685009e-01
6.953685067948418563e-01
7.024069417167492224e-01
6.942883987292017833e-01
6.968926488910101025e-01
7.247861774658227452e-01
7.119879228161695162e-01
6.516494884101934337e-01
7.022249997537713950e-01
7.134836654416414348e-01
7.021187714043342076e-01
7.199129045293624074e-01
7.108451636537288509e-01
6.958821177166991667e-01
6.940396034581508555e-01
7.002737320357685924e-01
6.967173180624891549e-01
7.101375665031907092e-01
7.160527460996004567e-01
6.909367060200810595e-01
7.008259979544670948e-01
6.794671523129396373e-01
7.066002385810600250e-01
7.411545689996771324e-01
6.849060971590298363e-01
6.440860936834748030e-01
6.694307929088916254e-01
6.862438447850525147e-01
7.151680927151208289e-01
7.112737539729915293e-01
7.034157179006290672e-01
7.247465924131467618e-01
7.104602987147221604e-01
7.002462516678111815e-01
7.346337392506754327e-01
6.930983291908356936e-01
6.983614866387487519e-01
7.296925549724682103e-01
6.965906629430294039e-01
6.894185960679753977e-01
7.110490809333923634e-01
7.438768947109999363e-01
7.099352291289469097e-01
7.073694141847328698e-01
7.124892972807035374e-01
7.293993919043427754e-01
7.284646619923311750e-01
7.100693459217987114e-01
7.273437326574546669e-01
7.135746081599625423e-01
6.897332693240031398e-01
7.077656529352418513e-01
7.141580800186866362e-01
7.028225714058655704e-01
7.143545577683695358e-01
7.076531897030283735e-01
6.904655466443705425e-01
6.990808744512667650e-01
7.108267598979167712e-01
7.163709175483489178e-01
6.811792816565030995e-01
6.980276144028508822e-01
6.735123740276806048e-01
7.383640916809735000e-01
7.032726926285808311e-01
7.048771015353038072e-01
7.063505155468332575e-01
6.622877393805334245e-01
7.137445136496591847e-01
6.823038326912707063e-01
7.115393473104051347e-01
6.919025941774316069e-01
7.070642510073245068e-01
6.939420802631690588e-01
6.813285756870300913e-01
6.827563314740894285e-01
7.101283803452754784e-01
6.914881877505381080e-01
6.948358520263699933e-01
6.888221953481440396e-01
7.079099987184805931e-01
7.030028294972997527e-01
7.235782758204454268e-01
6.816666659967230979e-01
6.767419235855217652e-01
7.063508726798596316e-01
