1.223688311078646063e+00
1.337415020254111742e+00
1.413763554936987132e+00
1.328432359282754494e+00
1.358580543238593785e+00
1.283210261399899244e+00
1.256468608602111070e+00
1.269898306947156552e+00
1.272013487179240565e+00
1.274584616024999617e+00
1.256646353500711077e+00
1.351379029311031488e+00
1.367412113516899952e+00
1.255653004980842091e+00
1.316715580098397176e+00
1.340420249985043499e+00
1.277233202750593488e+00
1.304779924966921856e+00
1.269672141708994895e+00
1.379721963957123210e+00
1.318441743927314391e+00
1.351784491445171099e+00
1.332579996412284640e+00
1.353683922858663680e+00
1.301297845118680518e+00
1.343217336317885646e+00
1.228759059776634466e+00
1.289915671474979764e+00
1.348563133609629761e+00
1.404532609479314020e+00
1.347479528872192134e+00
1.236908908860638645e+00
1.332145638903145191e+00
1.353486018672447555e+00
1.268042117830443294e+00
1.388662797280480810e+00
1.315125506609834627e+00
1.361440429466525215e+00
1.256478257799544807e+00
1.374405175544602065e+00
1.374609088214941544e+00
1.268648239037903469e+00
1.328226010720284123e+00
1.358321124935620849e+00
1.259384299218081704e+00
1.365303568785170896e+00
1.374953880140181717e+00
1.349620860809306544e+00
1.341916218734035660e+00
1.299201184013142996e+00
1.257095526750858561e+00
1.300711980303638882e+00
1.374472595222669291e+00
1.288570113055421240e+00
1.409430774229423644e+00
1.219945826562751190e+00
1.254480402326579203e+00
1.296690552706251331e+00
1.296007015912500115e+00
1.333515484369222515e+00
1.352174078410235625e+00
1.214816806093355517e+00
1.314517909908662352e+00
1.288833811171497867e+00
1.279328529474804244e+00
1.332711786975956603e+00
1.322949435388033557e+00
1.348582362800714307e+00
1.360184874223162588e+00
1.376152153776763143e+00
1.328736648326715564e+00
1.294807153382740772e+00
1.256276074513715812e+00
1.273816966899731229e+00
1.234185953785035483e+00
1.345789686689646603e+00
1.239058256756159881e+00
1.348904549023150601e+00
1.329142547598787472e+00
1.301191360383480378e+00
1.307390464818503073e+00
1.296843875221960873e+00
1.239193742433976508e+00
1.344042698421786586e+00
1.258372489424485652e+00
1.277906691000950445e+00
1.303541319722189451e+00
1.334909179098429322e+00
1.319709177043427939e+00
1.386626464497654698e+00
1.257389436816240158e+00
1.264979336184694381e+00
1.346560089639184721e+00
1.322410455195962120e+00
1.268039185320479545e+00
1.235128866876199938e+00
1.417342724565792134e+00
1.310005575789336740e+00
1.289452213188348351e+00
1.237933467450109015e+00
1.389409109070576687e+00
1.269149211886445361e+00
1.324979520369034436e+00
1.307497398850081316e+00
1.302775588921293082e+00
1.275473999964620742e+00
1.326298725864836214e+00
1.381620940639208150e+00
1.266648580986657002e+00
1.218513118381610472e+00
1.337111565951553338e+00
1.365384197187648141e+00
1.276324806016746471e+00
1.289051917561143012e+00
1.316456752284810294e+00
1.375895136072745162e+00
1.328016637023138768e+00
1.426715108508808783e+00
1.276213892448682996e+00
1.361234769425638813e+00
1.254292877013765573e+00
1.298265795615156870e+00
1.321826664944168339e+00
1.301197615204320313e+00
1.285512259712703997e+00
1.324345165981241745e+00
1.279168319703935630e+00
1.311356309096934902e+00
1.280616232163336310e+00
1.264616895240800343e+00
1.277903882491030041e+00
1.322351114329115118e+00
1.316134390519452912e+00
1.296859790292031134e+00
1.290400391775070599e+00
1.292910338473779230e+00
1.293177285923136077e+00
1.301034682902356021e+00
1.241592681890289818e+00
1.293330575353659695e+00
1.271862916192130211e+00
1.332524365568692248e+00
1.277176734497158517e+00
1.282801007710764107e+00
1.325252558801350178e+00
1.311079349073597244e+00
1.355590903995609331e+00
1.277154351321807990e+00
1.222951418141708491e+00
1.261991105865422513e+00
1.308381679664037511e+00
1.327618614747508863e+00
1.307203573593667123e+00
1.316963280591741281e+00
1.262882575366943705e+00
1.359491528359632939e+00
1.188468553475448442e+00
1.251644189313666278e+00
1.311209112605001836e+00
1.259826164340858146e+00
1.350346836521453264e+00
1.252511168762045601e+00
1.279516409991911186e+00
1.228106634868488367e+00
1.316901298754274530e+00
1.351507322814778034e+00
1.263622211507760218e+00
1.276096290979672698e+00
1.356987356132036027e+00
1.305319601739998614e+00
1.301773712609012978e+00
1.219416409700266213e+00
1.295453873395972177e+00
1.319715528974683361e+00
1.269741248704003844e+00
1.332350451988033369e+00
1.370511772806858763e+00
1.331477985564238242e+00
1.356053384530791162e+00
1.336034132103380845e+00
1.282935722529850775e+00
1.276020391030738388e+00
1.313589677299455083e+00
1.267241644905508391e+00
1.316010886017389359e+00
1.324039134135339912e+00
1.310367125831467083e+00
1.383285787037997094e+00
1.314728243299229771e+00
1.276759721155270588e+00
1.261616793548171467e+00
1.274649337293232154e+00
1.454389976690954711e+00
1.328856605852591244e+00
1.279836266752170548e+00
1.334575257720109764e+00
1.258702567451122079e+00
1.281723875575296212e+00
1.238630359768128297e+00
1.232126015090526883e+00
1.273155932067863150e+00
1.250335253379410538e+00
1.247728567074368522e+00
1.268117009269676299e+00
1.379089056907969013e+00
1.276331455491648503e+00
1.291081827304433993e+00
1.304755715594253296e+00
1.396741643033199365e+00
1.369866510169141627e+00
1.295023733019117884e+00
1.302334686660475027e+00
1.319145003025665286e+00
1.364707487862350410e+00
1.284862023940029685e+00
1.348830128408630147e+00
1.350716217574061906e+00
1.261775375303534341e+00
1.253149013504860854e+00
1.371171651790141111e+00
1.304341172968855433e+00
1.373151963488248084e+00
1.274302521097500529e+00
1.225070003633319748e+00
1.264384346146692595e+00
1.277857878562022043e+00
1.278206520341345298e+00
1.235947374930353337e+00
1.177743798118967344e+00
1.277232024106706554e+00
1.315043891680694577e+00
1.267779238609304526e+00
1.313366046682089783e+00
1.295375535876952089e+00
1.284107906007925459e+00
1.252277339371490994e+00
1.371508332027706611e+00
1.298084721812418296e+00
1.265695215083562086e+00
1.259525616231293554e+00
1.356222039017854541e+00
1.308255709480096618e+00
1.376847355676077411e+00
1.290445658058885003e+00
1.297737371694968056e+00
1.252559706355833136e+00
1.375069905799639836e+00
1.345006247728638415e+00
1.286942591033193972e+00
1.289358047670840612e+00
1.342884718095374019e+00
1.365213890776947991e+00
1.330382568352192596e+00
1.245020645384643299e+00
1.310735504319156641e+00
1.300879521356385737e+00
1.219523385139745120e+00
1.236821900524021967e+00
1.274867503455760165e+00
1.324545926285128905e+00
1.323989787346929514e+00
1.380103567179138624e+00
1.290048813978684317e+00
1.300425606537091383e+00
1.310638894267821319e+00
1.278298132425483624e+00
1.295758951866514685e+00
1.369209708025391992e+00
1.278794762364827475e+00
1.358020160420942313e+00
1.288571489029679773e+00
1.228092012002293787e+00
1.335170755042240476e+00
1.298728744219322495e+00
1.297301621261678584e+00
1.350927167748724678e+00
1.326840043118153956e+00
1.362693999091270314e+00
1.293620762840850258e+00
1.326723846225878134e+00
1.166251613157594402e+00
1.361709728185976243e+00
1.314243228877726821e+00
1.203141005957262477e+00
1.375148952851217077e+00
1.362110432336638643e+00
1.235612110054830071e+00
1.261867583271687021e+00
1.338512194120441423e+00
1.336907922027172679e+00
1.311196587656501045e+00
1.265667186864008142e+00
1.299744028403925222e+00
1.299659082222761830e+00
1.409849149648127131e+00
1.282801985149443214e+00
1.209418510854091577e+00
1.249378253148458295e+00
1.284780512939749597e+00
1.308452837436346439e+00
1.359736827113550373e+00
1.245075255975657713e+00
1.356012114280671366e+00
1.266703949871855528e+00
1.436881815154515074e+00
1.310094642582743774e+00
1.296596981503686630e+00
1.330216499483722226e+00
1.339886041665100613e+00
1.350655129110113650e+00
1.291158785658985897e+00
1.242071349267260816e+00
1.430291134606603176e+00
1.219951992369484151e+00
1.291189990596524728e+00
1.350524192251485234e+00
1.373388339133174707e+00
1.330503201548569825e+00
1.351039997106172841e+00
1.390761932098977915e+00
1.277089408559365369e+00
1.218901443329773349e+00
1.300602392893623449e+00
1.319364020247310920e+00
1.298493520499752973e+00
1.247633371509819566e+00
1.316227651814279920e+00
1.348121512778358122e+00
1.366992355279711413e+00
1.307590305754940285e+00
1.300640051115733886e+00
1.238176792214443989e+00
1.409147133697036258e+00
1.407357102746257915e+00
1.328191187569177867e+00
1.297769775473979426e+00
1.354248864790271512e+00
1.278667218739091949e+00
1.265393848457214032e+00
1.396399501414010258e+00
1.276649154140280906e+00
1.272425229288449033e+00
1.329232881870499261e+00
1.270142105845019742e+00
1.399275485801211971e+00
1.283726933483839483e+00
1.310913670693292898e+00
1.257694444585120142e+00
1.327282640880548259e+00
1.256230875922414114e+00
1.279342554563183354e+00
1.286854126890949468e+00
1.272299409648918411e+00
1.295583495644937910e+00
1.323642894988093843e+00
1.318593936703695402e+00
1.356553606371464271e+00
1.260168796831625304e+00
1.261041091318722884e+00
1.311431457349791163e+00
1.349337341965773707e+00
1.270556466566146847e+00
1.283836392993790820e+00
1.406099802267035903e+00
1.340363561801363845e+00
1.370796517728302133e+00
1.364042034159318240e+00
1.336961824240840313e+00
1.342266781770232287e+00
1.275694147716499360e+00
1.272891574084949351e+00
1.382759169781011321e+00
1.360718826125931091e+00
1.400597950673863279e+00
1.286618579311579191e+00
1.397458202996375798e+00
1.195107986539179823e+00
1.282349996118779645e+00
1.358168267015900543e+00
1.265404506750664293e+00
1.275140071810668463e+00
1.264560061739964159e+00
1.341214797224076438e+00
1.385892777220104177e+00
1.225177386296203874e+00
1.149238362560243143e+00
1.259587272932759072e+00
1.286976001818932458e+00
1.304118138280684347e+00
1.306250875533536471e+00
1.337880302506417873e+00
1.196669312064232216e+00
1.317675653697416349e+00
1.349280694477088982e+00
1.222880044569746527e+00
1.315848812425744585e+00
1.351153852770872632e+00
1.262092708761448412e+00
1.354349861520685705e+00
1.304113217009534198e+00
1.297136434488355805e+00
1.298837402403036911e+00
1.340653891324363967e+00
1.291401570453398540e+00
1.416389517284904809e+00
1.267201519767075624e+00
1.335943000150257465e+00
1.329201614326931180e+00
1.279797593741323514e+00
1.340463314977711429e+00
1.281634157843262400e+00
1.367156442495822244e+00
1.305514093890868477e+00
1.183463459701700415e+00
1.221484514874538574e+00
1.312952440146874844e+00
1.387243112182783289e+00
1.289216838221720618e+00
1.436130798091320937e+00
1.266981106410227653e+00
1.326283448417775013e+00
1.329622990646069480e+00
1.319004801887752265e+00
1.231740413389921907e+00
1.367984312502142252e+00
1.298575326044671074e+00
1.160368447395376146e+00
1.342814815170006115e+00
1.277989121111072546e+00
1.317240221585754600e+00
1.262560574291073490e+00
1.257121247318625512e+00
1.310155964077968749e+00
1.283963545766449554e+00
1.307943488212404359e+00
1.322737667256469241e+00
1.301744106210978247e+00
1.196995983321492929e+00
1.366243083470844777e+00
1.278999174224850099e+00
1.312810145372822479e+00
1.305723370077631840e+00
1.326458809303976194e+00
1.296034647557180897e+00
1.264165274316261911e+00
1.296112076139148694e+00
1.322803580317814864e+00
1.252737601817536461e+00
1.272642683482146708e+00
1.272400426396199880e+00
1.258762905257491127e+00
1.347314039177113898e+00
1.266269034945116223e+00
1.377954217060538777e+00
1.296462614001367086e+00
1.309127274176832278e+00
1.300768484376850109e+00
1.237946911930371430e+00
1.347970835630706743e+00
1.406077648825566628e+00
1.283948753920425512e+00
1.267395828625855758e+00
1.318975124565685553e+00
1.304394884451918646e+00
1.329739971920883113e+00
1.301008021821222327e+00
1.297281729625466173e+00
1.261866877396045528e+00
1.192368392677452205e+00
1.234071740867908051e+00
1.315876267205332573e+00
1.208923911741978330e+00
1.411494075187034403e+00
1.313828003613939144e+00
1.296563683277326184e+00
1.214826757467800444e+00
1.266178920054938262e+00
1.296177273909629779e+00
1.328372390497377653e+00
1.353774785841736161e+00
1.291224760793409532e+00
1.301535206661570854e+00
1.245881187591027395e+00
1.276101031818096976e+00
1.327075206203323310e+00
1.260542586749879845e+00
1.365268223622846611e+00
1.317538561454582480e+00
1.364110180772204917e+00
1.298308573964849222e+00
1.382204190687045919e+00
1.254107499671197390e+00
1.370872888672935552e+00
1.332320043583036018e+00
1.301109215305929157e+00
1.275471943068735126e+00
1.208168905033905283e+00
1.244136689135663332e+00
1.321301378311745323e+00
1.323058686390299776e+00
1.380209001713448069e+00
1.340136058356368620e+00
1.301487665696219986e+00
1.249200211347204048e+00
1.333900530327895684e+00
1.314470716897851110e+00
1.339814606612655723e+00
1.366049539835695770e+00
1.288119094466026793e+00
1.284290831140206146e+00
1.350567902037282497e+00
1.345963728572639795e+00
1.318113722065435089e+00
1.230183349582805397e+00
1.263350992920681648e+00
1.341089088757703385e+00
1.313017195742323340e+00
1.312075134255283215e+00
1.351372533939103171e+00
1.308119894449625953e+00
1.264939900923831573e+00
1.189230168286469214e+00
1.360692752777326708e+00
1.300239266287899875e+00
1.287232419809301032e+00
1.308632249286961535e+00
1.194417753500986334e+00
1.316051005547472785e+00
1.312720650701070912e+00
1.322900148844855517e+00
1.224492154334876792e+00
1.264975505238068454e+00
1.331794953816012317e+00
1.233873606786197286e+00
1.322636711249205899e+00
1.360300234996980162e+00
1.289289558192567187e+00
1.307802691968415809e+00
1.363790309722524574e+00
1.335843586231511226e+00
1.410145768217808460e+00
1.323237664268259284e+00
1.307413190130354508e+00
1.354546958073538976e+00
1.304843750097290922e+00
1.367262586968638338e+00
1.317282904622532946e+00
1.263814869486050707e+00
1.227959393391227616e+00
1.314455228436327117e+00
1.204496209300680132e+00
1.329801604114670299e+00
1.351512408132981458e+00
1.326231427669926966e+00
1.298780586960180727e+00
1.366581847172132047e+00
1.372316283275960336e+00
1.285947049418507682e+00
1.360696304109640709e+00
1.302686360766438067e+00
1.216932500434101838e+00
1.301612923410399469e+00
1.328953113635787053e+00
1.290313068105984451e+00
1.278594133964948032e+00
1.227096687178801604e+00
1.268436363527190469e+00
1.328780114941530144e+00
1.332156284383001044e+00
1.278537838689757455e+00
1.355440228426508131e+00
1.274971412539700477e+00
1.254049923825754975e+00
1.206282444156715261e+00
1.293906010337550372e+00
1.343719558314368845e+00
1.300928460205817094e+00
1.332344922310343627e+00
1.236128173733655800e+00
1.254536468563791862e+00
1.354261070270127210e+00
1.280834433377279424e+00
1.256703615766380011e+00
1.301988785777804969e+00
1.316928829787839872e+00
1.324856224980871522e+00
1.253719892552296766e+00
1.239843035125213433e+00
1.214643142449539637e+00
1.296840932299722526e+00
1.280730661458848507e+00
1.370669892832729220e+00
1.320225103239464959e+00
1.315014228924405337e+00
1.216517016118626726e+00
1.301429946819069094e+00
1.311451017450285805e+00
1.273020815683338913e+00
1.246551030327151421e+00
1.269568275158376114e+00
1.381123747762024845e+00
1.319335804447071103e+00
1.327906603323880885e+00
1.303355412196808505e+00
1.319896438946381867e+00
1.322447420173093358e+00
1.368889684043103516e+00
1.346961103535608828e+00
1.343503217197790756e+00
1.340606290364855013e+00
1.359938789377284296e+00
1.353927102297671770e+00
1.310758953061919252e+00
1.214847811149166290e+00
1.232966581397423766e+00
1.306094441161887110e+00
1.291322820717032860e+00
1.255436007513033969e+00
1.223441929763981806e+00
1.372874291351870113e+00
1.308732759160419423e+00
1.248518911913174767e+00
1.322212355471677148e+00
1.287003870160101870e+00
1.347551748541070182e+00
1.230767854774183379e+00
1.280485504482913095e+00
1.280646197123890717e+00
1.315198858615348021e+00
1.254818387302297777e+00
1.258780175971891069e+00
1.400733416738624948e+00
1.210575011503799425e+00
1.311168614058753290e+00
1.243466145057937844e+00
1.289345074860889007e+00
1.302647618561643350e+00
1.282665266776014779e+00
1.282903271619203034e+00
1.383508725858947130e+00
1.372850358336830334e+00
1.228087082230166605e+00
1.290842563262749820e+00
1.331523399265225560e+00
1.319140586454932818e+00
1.349245898661737497e+00
1.234940492753691998e+00
1.306799483055586464e+00
1.252675099635372602e+00
1.338527864581990690e+00
1.290410048445086000e+00
1.187826392799502084e+00
1.380813140582734633e+00
1.201116869426694489e+00
1.357045218283097432e+00
1.289877354229482131e+00
1.356158073065965253e+00
1.231499238728537504e+00
1.280091220936977026e+00
1.331205982007708677e+00
1.294581059186529437e+00
1.319830303148561645e+00
1.185461896001276161e+00
1.289986420402783551e+00
1.214356786747426087e+00
1.337304185391960942e+00
1.283262025562745823e+00
1.325928914953377280e+00
1.273499801961329281e+00
1.257562991322459522e+00
1.242304048129497129e+00
1.232738192000857325e+00
1.364169848246968630e+00
1.239234206319968390e+00
1.277763637724457224e+00
1.284264663039334176e+00
1.346530143178030992e+00
1.359923591397386833e+00
1.307542573970757127e+00
1.374063304278675179e+00
1.406610689241745593e+00
1.302394550313730193e+00
1.274873746263788243e+00
1.382581826003792536e+00
1.355253104035992751e+00
1.214834793893433407e+00
1.265865348247651845e+00
1.251263934273567635e+00
1.296056306355600984e+00
1.311006085473987781e+00
1.315122873683193694e+00
1.343266603560828498e+00
1.262394417725386297e+00
1.299322643875208572e+00
1.285032087980576776e+00
1.309609872555298260e+00
1.282669173344561653e+00
1.311963822112145017e+00
1.358925335592170880e+00
1.347607783348456767e+00
1.280649244626962835e+00
1.195805567461703411e+00
1.343151009646727845e+00
1.301477470089351218e+00
1.258177496543005258e+00
1.350633614451593356e+00
1.295339292502359463e+00
1.269573786680304295e+00
1.295222442249691408e+00
1.260682794056855016e+00
1.200775611526992748e+00
1.374706800445552046e+00
1.326179019450125285e+00
1.302612508483702358e+00
1.330217336394052596e+00
1.335226518582398381e+00
1.321287306086618374e+00
1.266075780551872754e+00
1.375785308267787999e+00
1.309107429170057957e+00
1.333556628499479313e+00
1.399779749926870709e+00
1.374482064464439546e+00
1.344552032913431949e+00
1.225536528793521818e+00
1.359485962278025539e+00
1.300293743257152190e+00
1.238709950342710364e+00
1.362338920171723755e+00
1.314390481523694199e+00
1.234655663813409410e+00
1.277946225932310220e+00
1.380248817693163099e+00
1.365041816390756724e+00
1.287169932110148629e+00
1.313005324793277806e+00
1.269257799142213150e+00
1.234234397133381123e+00
1.351183073014950331e+00
1.278782778003058729e+00
1.332707193001041457e+00
1.269097885912557899e+00
1.221069662085149554e+00
1.241023593635860456e+00
1.263810196709291400e+00
1.354060906269237696e+00
1.233108004132445590e+00
1.321257046706771021e+00
1.347812664400092064e+00
1.312961889635036128e+00
1.333353472586205291e+00
1.272376357511101341e+00
1.296450011132729063e+00
1.350335691598602672e+00
1.292713056817554884e+00
1.293623958684853470e+00
1.291483398471358512e+00
1.296952472585215288e+00
1.327633616368104841e+00
1.314959628996826169e+00
1.339330108725311330e+00
1.192130800975732985e+00
1.302231767381036187e+00
1.339864249278525987e+00
1.369803299930172136e+00
1.280807487844662917e+00
1.221329875163606582e+00
1.199851890862416504e+00
1.357124622646324719e+00
1.220889982946294472e+00
1.307579689136123546e+00
1.292224249270309544e+00
1.190867572651547857e+00
1.243507877167237874e+00
1.311306779874759298e+00
1.186483851773343590e+00
1.264599174356481059e+00
1.359474941825921102e+00
1.256915097778806834e+00
1.266917393704189543e+00
1.317974997283342775e+00
1.312255441892018037e+00
1.323770929886695091e+00
1.317695051827225461e+00
1.350720974021926812e+00
1.262548269438815485e+00
1.241762684243067794e+00
1.215772629738118837e+00
1.336994856450584690e+00
1.290365983788264614e+00
1.316359498621954227e+00
1.392867741060947573e+00
1.292093211946330866e+00
1.280097374480122729e+00
1.294989783064850908e+00
1.244525625312042472e+00
1.314531002470486820e+00
1.360711288117183004e+00
1.160584270183648181e+00
1.241798075598922191e+00
1.310072608811488237e+00
1.291969951279188233e+00
1.345351668195445827e+00
1.350409868892374021e+00
1.239913666123109159e+00
1.431228137433222747e+00
1.187731304803817611e+00
1.337170066346080377e+00
1.325343613416017696e+00
1.322046139356244154e+00
1.389077906840918697e+00
1.358637291734843711e+00
1.253327082564238415e+00
1.297953939220968467e+00
1.262355570264927396e+00
1.314540092509468572e+00
1.256599505946877526e+00
1.271635836928724395e+00
1.278656039619773921e+00
1.311898581197513902e+00
1.292327218767829411e+00
1.332616954567317213e+00
1.377492639176939537e+00
1.313378639701082040e+00
1.301523248480819239e+00
1.308757701702649268e+00
1.369238706441554987e+00
1.343948594931150931e+00
1.342258008108392131e+00
1.237651163321794812e+00
1.238530830196440391e+00
1.231931130450529821e+00
1.379289088260599483e+00
1.248065272453939389e+00
1.268105511826685516e+00
1.232430306403853315e+00
1.357175599645187525e+00
1.392807598653423184e+00
1.314055240558290594e+00
1.286291985180723518e+00
1.199097385375764491e+00
1.331403969102279428e+00
1.425206157616238922e+00
1.287803925225070145e+00
1.308369090300320003e+00
1.314341456323850910e+00
1.323955059697946801e+00
1.285111064861663488e+00
1.292958868310751352e+00
1.230248429927199627e+00
1.354931996897762891e+00
1.265473072956113221e+00
1.286793307185512436e+00
1.277851044292596550e+00
1.320682423348056744e+00
1.325879284436893624e+00
1.287317190319381188e+00
1.238218274000565389e+00
1.340146397272105494e+00
1.322235006042027150e+00
1.314063509224776549e+00
1.364885756383378501e+00
1.324332512882739232e+00
1.306538178101535497e+00
1.223457153371974249e+00
1.283676274598566591e+00
1.306794290283472160e+00
1.299764486780737416e+00
1.349598923890861002e+00
1.280735398184152052e+00
1.218671035947914261e+00
1.313150548243042337e+00
1.338820019524439520e+00
1.194644559178304366e+00
1.248207342409008103e+00
1.348886663260402186e+00
1.207696376096288438e+00
1.301582661670045660e+00
1.350038154851186167e+00
1.338098078061649820e+00
1.302997500979763190e+00
1.327726724202790809e+00
1.175979575288313095e+00
1.261559928642247419e+00
1.367709989610884636e+00
1.328705505716384794e+00
1.293118158486780800e+00
1.267176748434671207e+00
1.305742180111866491e+00
1.307644670587380098e+00
1.215115168057757877e+00
1.240324932482703257e+00
1.331489634844345904e+00
1.356784367065665187e+00
1.300385515887716448e+00
1.345678952241409876e+00
1.291363749813263517e+00
1.202739200329997926e+00
1.338711341872675709e+00
1.299445160119472531e+00
1.286163787231526801e+00
1.267496996758131544e+00
1.258062188426487982e+00
1.306795421840275973e+00
1.356905572055755460e+00
1.318670739335381370e+00
1.327467168975754230e+00
1.398026639838219953e+00
1.339198254552946388e+00
1.326049327410090184e+00
1.345527919154515528e+00
1.327353116637836727e+00
1.300955221599543687e+00
1.278905245021942694e+00
1.383711393902106401e+00
1.319963899412187169e+00
1.281985229262608605e+00
1.390342159671544175e+00
1.430661491423517395e+00
1.273438350808705710e+00
1.302886619224168374e+00
1.284780836288402117e+00
1.331733442659841948e+00
1.329464635067420186e+00
1.283323313087918027e+00
1.274698647720501343e+00
1.257424182625661579e+00
1.237217873132755885e+00
1.308382438147428273e+00
1.361796446795243032e+00
1.279459832299926658e+00
1.302018482586983383e+00
1.300664331635249971e+00
1.260616365264022098e+00
1.284515523333087827e+00
1.214786696324344106e+00
1.301645804322349775e+00
1.289649503691205901e+00
1.314202108044680850e+00
1.243126794688811598e+00
1.295412827635709307e+00
