3.431116925166060039e-01
3.308106722093585028e-01
3.239474789548699718e-01
3.221063855482516614e-01
3.314166386915737283e-01
3.321340221512883439e-01
3.437673962846358178e-01
3.348320691017267481e-01
3.109592661161311722e-01
3.179283152912132371e-01
3.485827532344038526e-01
3.233683938530738100e-01
3.047552080717026990e-01
3.354638861966806052e-01
3.180175923099271551e-01
3.552595560306746059e-01
3.342581617502859981e-01
3.225779656750284996e-01
3.368715769108053260e-01
3.522300802136975051e-01
3.418367908394654431e-01
3.473106296395495063e-01
3.351717036757685397e-01
3.390165026399619141e-01
3.283294422013362523e-01
3.234671456305177606e-01
3.024929256580770054e-01
3.227410797863988767e-01
3.295123446644903642e-01
3.333782335521741635e-01
3.545125590862637788e-01
3.472367315319448422e-01
3.343822502927665807e-01
3.245499145292655152e-01
3.238123438736579263e-01
3.211787000768875910e-01
3.435989327002682003e-01
3.317824615647257391e-01
3.156828546743848385e-01
3.341751224305327672e-01
3.163192006291060676e-01
3.346433580996614476e-01
3.162240477825178364e-01
3.305162422106919795e-01
3.231034812052389071e-01
3.108585452047871178e-01
3.256000139946427230e-01
3.262512302505367612e-01
3.280659589114225394e-01
3.357022435832049956e-01
3.353435018824613700e-01
3.363866875397628631e-01
3.152129383849333055e-01
3.381802137189912627e-01
3.319585508310385347e-01
3.278192611894960584e-01
3.475678840992023622e-01
3.283492412756631729e-01
3.230592095600643421e-01
3.231958115426517009e-01
3.277123136224666666e-01
3.400423907255193390e-01
3.298067362465365027e-01
3.447330807784833584e-01
3.446747931134263032e-01
3.317950770782033820e-01
3.236501050759846287e-01
3.351252719899773802e-01
3.214021981078931667e-01
3.394689172337588268e-01
3.282165992175729574e-01
3.445488086514224557e-01
3.090380700664557279e-01
3.330920400009482751e-01
3.296059822597852129e-01
3.307943958638902560e-01
3.262089079370436018e-01
3.228134068865948225e-01
3.114107985106557841e-01
3.138450618464356801e-01
3.231913271496819617e-01
3.290941246047108248e-01
3.322555504790328795e-01
3.212943449896376036e-01
3.370169668066092528e-01
3.237058751400406220e-01
3.235213077766987966e-01
3.275584749646709426e-01
3.345173285219362747e-01
3.289307261785590630e-01
3.253379186067661410e-01
3.218680269744206290e-01
3.350952394757885644e-01
3.149684211612385210e-01
3.269292179033345680e-01
3.509946966591290241e-01
3.220508146118430948e-01
3.328243345695345301e-01
3.242397605914056347e-01
3.267019410061271500e-01
3.227890194813567981e-01
2.938774193564661075e-01
3.177043877151115581e-01
3.314003838281138759e-01
3.242120494106071615e-01
3.208716641571306427e-01
3.349930180269166669e-01
3.338350854519249733e-01
3.219734515801691010e-01
3.452442274152561219e-01
3.349867029684385766e-01
3.241016881088557566e-01
3.294059544957487207e-01
3.244738316778836285e-01
3.229792740434971887e-01
3.231677402016354672e-01
3.298155475227531053e-01
3.303076589993027556e-01
3.215396735196597300e-01
3.358750261392294267e-01
3.546856164605978190e-01
3.225432234954907496e-01
3.335304337249865858e-01
3.302233776682249600e-01
3.378448089742784877e-01
3.485837162858942961e-01
3.114940473819590716e-01
3.354367168900414531e-01
3.316247186149581805e-01
3.232468553722727123e-01
3.190087069618587345e-01
3.343582272884321749e-01
3.331066888345714516e-01
3.088206815719560239e-01
3.223784183112724522e-01
3.377731805182543345e-01
3.564411459949352046e-01
3.151614574045640826e-01
3.453504249801960801e-01
3.528708764352714855e-01
3.218649877687711491e-01
3.371407196793789751e-01
3.244097434071181452e-01
3.099316228359192404e-01
3.108985642024873486e-01
3.270182538134917549e-01
3.160704237842380526e-01
3.009344069215200701e-01
3.368150948610910134e-01
3.310030931937105736e-01
3.241212988933487860e-01
3.263580110454910033e-01
3.369299378258311384e-01
3.174088596534901385e-01
3.339686795893387350e-01
3.204504468507560211e-01
3.374394614191149611e-01
3.298009105546727548e-01
3.103649433411292402e-01
3.400563722955566859e-01
3.293961560199912264e-01
3.277846874364290231e-01
3.383351386266849614e-01
3.494669592328891738e-01
3.232954365350634851e-01
3.154258338656540372e-01
3.215771418349394062e-01
3.215451185652618005e-01
3.255305613775396067e-01
3.431760698851055169e-01
3.332754441804177126e-01
3.322744809673807143e-01
3.205642746800071441e-01
3.435392152173594171e-01
3.167445173734163566e-01
3.471034924921712062e-01
3.464520295287809581e-01
3.219610627705660200e-01
3.216795362710906936e-01
2.997737344884449096e-01
3.309345319717501566e-01
3.484176620276019931e-01
3.261113342032467832e-01
3.154258568383160877e-01
3.422758812282439833e-01
3.234053533438260297e-01
3.136951021258667649e-01
3.479524304541022905e-01
3.190441436732826541e-01
3.262543393299577876e-01
3.207511958515494865e-01
3.339278558928792107e-01
3.392461144889355462e-01
3.328862476761633715e-01
3.474278412965935980e-01
3.300577665216110068e-01
3.505226493824976641e-01
3.192601912332078684e-01
3.399496882362489369e-01
3.233880584306548234e-01
3.220235374263403227e-01
3.328020786160226785e-01
3.022886828177234753e-01
3.360093214875853329e-01
3.237134002900231566e-01
3.285106829863204125e-01
3.470928292191695630e-01
3.173229135565621695e-01
3.212604027285960173e-01
3.222577754985924137e-01
3.165683922114000959e-01
3.309519267066263759e-01
3.530016913452923566e-01
3.068026035078980640e-01
3.281171050343255069e-01
3.344345160204736378e-01
3.483093144052880064e-01
3.321107569507411594e-01
3.405070524289398604e-01
3.098516895293965678e-01
3.422302478750905430e-01
3.212998338100565565e-01
3.473952159718866062e-01
3.221811390434099476e-01
3.402754865617109159e-01
3.396039410059802921e-01
3.051661993496491698e-01
3.370919381290736205e-01
3.267298766152730849e-01
3.165092963281362359e-01
3.313723263198327107e-01
3.481167389068172136e-01
3.153455095086536430e-01
3.391809277057095673e-01
3.553576559326346307e-01
3.127231092728101625e-01
3.385759828580941488e-01
3.090361138994686674e-01
3.328852393268736942e-01
3.345878268848715975e-01
3.330284209534025153e-01
3.273386196444910134e-01
3.083752910584898199e-01
3.128961882131983674e-01
3.336344364811189012e-01
3.348049351727165890e-01
3.344718685869850772e-01
3.201817530393319400e-01
3.215433379355612797e-01
3.084067283035043516e-01
3.359948696648427657e-01
3.404585457280894234e-01
3.202078921512742649e-01
3.341154757193961489e-01
3.579861693828987335e-01
3.463554791456148196e-01
3.430172589854265097e-01
3.489032694242908406e-01
3.325008879639119175e-01
3.346950913018389984e-01
3.414944931861402244e-01
3.353636216852083352e-01
3.292750827250921497e-01
3.388320345017975521e-01
3.212062841363708121e-01
3.106618625157724356e-01
3.257029395853802689e-01
3.244922303716312739e-01
3.285267005072956548e-01
3.280048124560346334e-01
3.264232135651449762e-01
3.306992574717233513e-01
3.331817329444633491e-01
3.478818921804310293e-01
3.260906558513112508e-01
3.196211884234485545e-01
3.420675547817441098e-01
3.245194535210519926e-01
3.178851446706296158e-01
3.305240128069830696e-01
3.277634348763689420e-01
3.267507942213077610e-01
3.256013170520585809e-01
3.428274364850631417e-01
3.240380272689612484e-01
3.173933658020305915e-01
3.264128243903801074e-01
3.223981371236299132e-01
3.131636022606327230e-01
3.293308451296136363e-01
3.305850124253408850e-01
3.659036655108998115e-01
3.282030036048738109e-01
3.463629145111224994e-01
3.127535322668690276e-01
3.394733010661128425e-01
3.157110817706284545e-01
3.309669768670816525e-01
3.075663843793530194e-01
3.102774252111710207e-01
3.210936966695247530e-01
3.382718681401380989e-01
3.316955689154101328e-01
3.301455325273007224e-01
3.211036482914653711e-01
3.611604997753753987e-01
3.434722177555711298e-01
3.584539660967679398e-01
3.358493660844801276e-01
3.209074110839630900e-01
3.274051960733145861e-01
3.208531687817532396e-01
3.254912789368409887e-01
3.221817769188907166e-01
3.269930015876095220e-01
3.502792475369726488e-01
3.467590845530102994e-01
3.241669731084461104e-01
3.441545358970390933e-01
3.338015874698123664e-01
3.310629907985039866e-01
3.124834553874953347e-01
3.326376704649069427e-01
3.326979525125446924e-01
3.222704420799277769e-01
3.424721684096099783e-01
3.203938496835394001e-01
3.342372726675938988e-01
3.243753048180413878e-01
3.273047626693246781e-01
3.402676670827738947e-01
3.164565752680332800e-01
3.256072993278331662e-01
3.382533296824290492e-01
3.501757837800556494e-01
3.491310962771946858e-01
3.384442274597911915e-01
3.540425623079729300e-01
3.288529263158685989e-01
3.283127238119256663e-01
3.154416285674518372e-01
3.118037852439786706e-01
3.269363573686318580e-01
3.364761901774470099e-01
3.269622643416010832e-01
3.424829477100191921e-01
3.211130264146144220e-01
3.315600896909379203e-01
3.231036085976889960e-01
3.280185280517436963e-01
3.018389082472489604e-01
3.413166233409599126e-01
3.192807943175860474e-01
3.466237591686889274e-01
3.443446016353700623e-01
3.389488526694133808e-01
3.093430020486223064e-01
3.650105943922660190e-01
3.328871962839025089e-01
3.498087723610046051e-01
3.430757711143446187e-01
3.323804665268114134e-01
3.405687899910848637e-01
3.333301887005014064e-01
3.380897982788196865e-01
3.280234446227089373e-01
3.452777934446361607e-01
3.233250154695007095e-01
3.295449486686892748e-01
3.156082147044541597e-01
3.445208745768346126e-01
3.442198547910524375e-01
3.441007420541070672e-01
3.275029448498105733e-01
3.495686545706380710e-01
3.298242745283666011e-01
3.169452935312195296e-01
3.283033865217858116e-01
3.093714738597483360e-01
3.241251501055180673e-01
3.348598813401899021e-01
3.348845212491561862e-01
3.307318447002954853e-01
3.220115375890031384e-01
3.344927123253083612e-01
2.945881616897831901e-01
3.318340897231041864e-01
3.386320543337080768e-01
3.451298357848834875e-01
3.220948814883315414e-01
3.510904754558903385e-01
3.263707834719228873e-01
3.382412777935246972e-01
3.094202476561448423e-01
3.341893917632329236e-01
2.992883435285706994e-01
3.391836493092615368e-01
3.121718948754355627e-01
3.407198791869350818e-01
3.231726967740890522e-01
3.450488996994423574e-01
3.101072547123792100e-01
3.282519195138252632e-01
3.044105761990059666e-01
3.432358036978617744e-01
3.327008080512107169e-01
3.351379493063185722e-01
3.149273442401580025e-01
3.137106209294261983e-01
3.359188968895338023e-01
3.215914444597323119e-01
3.273958809979664042e-01
2.966684877028205047e-01
3.260064330795438003e-01
3.139331481294121984e-01
3.060738090269697342e-01
3.338494330204527794e-01
3.147411261415906103e-01
3.351715425312781216e-01
3.271290873821144918e-01
3.298891734950041288e-01
3.208580544562295578e-01
3.264024556060093341e-01
3.314567664666382973e-01
3.280000773403113912e-01
3.345556227445996011e-01
3.139315930107574593e-01
3.434638100443492270e-01
3.354194019958572914e-01
3.663333448232218847e-01
3.324528655558530721e-01
3.557460587674747265e-01
3.538695214219120255e-01
3.194548388710858888e-01
3.473409382909659060e-01
3.575378460335639774e-01
3.168758106610016223e-01
3.302322576911219110e-01
3.164350924428995793e-01
3.345259956044825955e-01
3.262346058884085798e-01
3.231943250813912316e-01
3.265024342139150604e-01
3.348892390048309187e-01
3.533929113273028833e-01
3.352853041312950921e-01
3.200461865117255056e-01
3.306022682472914975e-01
3.400639206608271348e-01
3.478947348473316881e-01
3.323461947141269635e-01
3.444194239877885755e-01
3.221578085793711521e-01
3.509854564314304759e-01
3.046339108718812971e-01
3.275779416521781284e-01
3.425565521546793946e-01
3.216160001775284494e-01
3.431053171832313953e-01
3.448823407763452198e-01
3.177811082277026133e-01
3.261503986237110353e-01
3.275576113148994106e-01
3.440515759225145631e-01
3.555363545167813388e-01
3.484961963725896061e-01
3.248962656434478125e-01
3.056480848372530867e-01
3.199171157164795720e-01
3.309591719163733625e-01
3.273187154333709881e-01
3.279185803200490579e-01
3.298809788209670080e-01
3.289078612034916915e-01
3.177410592448461357e-01
3.251876005989222662e-01
3.348163273619056413e-01
3.369999090573470579e-01
3.280495168690688024e-01
3.334426258734168314e-01
3.209303429030944677e-01
3.445754164028356770e-01
3.039011271776431156e-01
3.188779193919046850e-01
3.276841926264147942e-01
3.290376013831264324e-01
3.393505655142645683e-01
3.287278732233906986e-01
3.241818290294632976e-01
3.255571507740237513e-01
3.264852887500884759e-01
3.160247166623105786e-01
3.260431151315629772e-01
3.147212962657410795e-01
3.381685124881789184e-01
3.480090046185815855e-01
3.277205583514700704e-01
3.114127609175393330e-01
3.098549177863107462e-01
3.477130544259899314e-01
3.301695607287764012e-01
3.058906425326156087e-01
3.320908431648468273e-01
3.396651499542299169e-01
3.172886590151780539e-01
3.113252311045199283e-01
3.488426394624986049e-01
3.226910682315836665e-01
3.302173656176889960e-01
3.201671131499483902e-01
3.378482401523617007e-01
3.199156681162727556e-01
3.356050936070069657e-01
3.461053298290076574e-01
3.281748115684949840e-01
3.352035391786520324e-01
3.054945652161892289e-01
3.227477925710649509e-01
3.436890479038479107e-01
3.115019101108379429e-01
3.145673323330587245e-01
3.290763819005593227e-01
3.305822000196660393e-01
3.210054895546294862e-01
3.440044477775683895e-01
3.268761090643050871e-01
3.243443743356511644e-01
3.301772417346020005e-01
3.017779660597910141e-01
3.209522208935087773e-01
3.144707700739638456e-01
3.293674735264585096e-01
3.215721202480524288e-01
3.461885509268570749e-01
3.205214352186651627e-01
3.315323337399272985e-01
3.455922062818515550e-01
3.357856532449801645e-01
3.358383320919031689e-01
3.325884575908508167e-01
3.283680675417618433e-01
3.361202549094609027e-01
3.493472461636153437e-01
3.124670801641502571e-01
3.476195186922962921e-01
3.263191139349324033e-01
3.340856156599259497e-01
3.294676930953882033e-01
3.092141546069187563e-01
3.467030792831148345e-01
3.429739082954089691e-01
3.260822651918190429e-01
3.390123346906330215e-01
3.471286354551681441e-01
3.035537338636425386e-01
3.212084200394052513e-01
3.126232334553386005e-01
3.312585031621009812e-01
3.689856528261306612e-01
3.343806949056119526e-01
3.079134327870711729e-01
3.323657951952210809e-01
3.316051731867358243e-01
3.116915258123802990e-01
3.379065862285912658e-01
3.346109928858348459e-01
3.342784166715608851e-01
2.953946320563217154e-01
3.470296402092503119e-01
3.440856977506466796e-01
3.294860065728812959e-01
3.216602853960912056e-01
3.233336924194217810e-01
3.228520354608799825e-01
3.241089537256587327e-01
3.370333922349628142e-01
3.198833836407152797e-01
3.238409471869165834e-01
3.349210196331603995e-01
3.265878619491107693e-01
3.036629609778702110e-01
3.278414514835534255e-01
3.430760375034426768e-01
3.268254244479280590e-01
3.295742228568906418e-01
3.160872308203104830e-01
3.216743403331855933e-01
3.466809594874568634e-01
3.281527592764705292e-01
3.641759953174917297e-01
3.244832405362873540e-01
3.266992672932566566e-01
3.383877879453106585e-01
2.988658106628882538e-01
3.414231410530773614e-01
3.362273067711420982e-01
3.346294326855460688e-01
3.458362706675710552e-01
3.250500941958980872e-01
3.359854848017819751e-01
3.410746926676994639e-01
3.358050462318597496e-01
3.281375052572865769e-01
3.159492361563793206e-01
3.168654812428427503e-01
3.350696713784186431e-01
3.291800865299260304e-01
3.189247734079790342e-01
3.272753636741565497e-01
3.193243474305915708e-01
3.162975888009212366e-01
3.449204148220094135e-01
3.411893040057680793e-01
3.300085356505843559e-01
3.174185955543197823e-01
3.106944379815115842e-01
3.271371219634521266e-01
3.297709277918707826e-01
3.279423860201911567e-01
3.314310735372498762e-01
3.376105297364387359e-01
3.136926598781634712e-01
3.355384328505747193e-01
3.196753757204838786e-01
3.077753890181513241e-01
3.137805969625038771e-01
3.399661232949467982e-01
3.268353273824167737e-01
3.431042205211148333e-01
3.158661424144766361e-01
3.292457130345431415e-01
3.261032771894096793e-01
3.329536855269155105e-01
3.118960540076691768e-01
3.404651186330129864e-01
3.287644816272229376e-01
3.398707634695351532e-01
3.477258221333380805e-01
3.301995116511808326e-01
3.231925620651445175e-01
3.061055415443700856e-01
3.319484367929036450e-01
3.405368437187276109e-01
3.411414158872137503e-01
3.357680811583199643e-01
3.025949732865741426e-01
3.216006665887174432e-01
3.107426780505709307e-01
3.205764654694954197e-01
3.381205951854557856e-01
3.290545272860349035e-01
3.462478028614661696e-01
3.327500153525917437e-01
3.363092486400120484e-01
3.372364429350240278e-01
3.423462709627312917e-01
3.249368772126411398e-01
3.433653733439396283e-01
3.444865925477535451e-01
3.219779695334546998e-01
3.497672276168855565e-01
3.016662496201941157e-01
3.163513722009247409e-01
3.236968878360942936e-01
3.470732716011262764e-01
3.488446380963595717e-01
3.219444159975695108e-01
3.403903974805611021e-01
3.354050228184649041e-01
3.347721422760104870e-01
3.436799463976570879e-01
3.298234090844167632e-01
3.367021142703038317e-01
3.266427104405100201e-01
3.498173286364773538e-01
3.101489283211953385e-01
3.172365448662654575e-01
3.523471408030776075e-01
3.313053411365532996e-01
3.003169395019749666e-01
3.651839617838505969e-01
3.330905651622005914e-01
3.297724370821357165e-01
3.495493798389716633e-01
3.242901555973513039e-01
3.327046865585349678e-01
3.078091696946705924e-01
3.088114398510375391e-01
3.236291237266749055e-01
3.475784780019491316e-01
3.362817114008969099e-01
3.469952802719839524e-01
3.387713259171027391e-01
3.423218087592379555e-01
3.166062723565122861e-01
3.454249274442001139e-01
3.381769261075254218e-01
3.537434553185083153e-01
3.451821279596078984e-01
3.282090425819537138e-01
3.196773810491393419e-01
3.422037815990265908e-01
3.275366950413708955e-01
3.293107690560855283e-01
3.415433095246095396e-01
3.431240852947402553e-01
3.276058591262021036e-01
3.403391005687776971e-01
3.340335603805428266e-01
3.359673742858494960e-01
3.424187292717683628e-01
3.219461798610412928e-01
3.322915130310997722e-01
3.238629772327917822e-01
3.344829342986022636e-01
3.301029464326968865e-01
3.246292676051313886e-01
3.390313282009470575e-01
3.338433248813911236e-01
3.300172298104527835e-01
3.556434679594080994e-01
3.444120727765959122e-01
3.204028550464474989e-01
3.332012360406597651e-01
3.344488272537133322e-01
3.275198703950657486e-01
3.246127092846726736e-01
3.110250005324977085e-01
3.306303083735827597e-01
3.241010761296652665e-01
3.394245226065066845e-01
3.366596903920675565e-01
3.201076989847600474e-01
3.385723545016887659e-01
3.411306342837099881e-01
3.455406038206191854e-01
3.223400249803073381e-01
3.532017046499249524e-01
3.396108919372561319e-01
3.447164898329150851e-01
3.394546883646982760e-01
3.180330486283303171e-01
3.366693529549065200e-01
3.313736953278017539e-01
3.312859441215447176e-01
3.390121575607155657e-01
3.373894745905858250e-01
3.477479000384940955e-01
3.310307423100522506e-01
3.332755640949501275e-01
3.370037447411199372e-01
3.174633886098833235e-01
3.165033237428859780e-01
3.310534266289595906e-01
3.235499656475813723e-01
3.511826954019511282e-01
3.150796105881857323e-01
3.156750983641063990e-01
3.240062051317233460e-01
3.384866774447276017e-01
3.323522892917755156e-01
3.295686438400646234e-01
3.259412606809979351e-01
3.166410422404062341e-01
3.370942167263629718e-01
3.351385098933038487e-01
3.313627961173256087e-01
3.100568739601201051e-01
3.367148824552680941e-01
2.998787106778084688e-01
3.090131210574017517e-01
3.309700977494003382e-01
3.434324573375363010e-01
3.334233461162416368e-01
3.261766406995134648e-01
3.318518681041799923e-01
3.262098994866780011e-01
3.515395544165384467e-01
3.279067129912324186e-01
3.247019351926359598e-01
3.201785710333239776e-01
3.129692959229841143e-01
3.312404901817573855e-01
3.404255097008253017e-01
3.204593576561434176e-01
2.900109817939033885e-01
3.216052255297408569e-01
3.355853326915514412e-01
3.429207412986014503e-01
3.350328470947941395e-01
3.301198164930070345e-01
3.621173666427885407e-01
3.085280161701586810e-01
3.278735864960911628e-01
3.231770469913577970e-01
3.280687727442230806e-01
3.339985550524678382e-01
3.197536104817821911e-01
3.260492184606844646e-01
3.249411729561813011e-01
3.301765543391900204e-01
3.095135964531883777e-01
3.165496320457513724e-01
3.255376872959870882e-01
3.439193930522202458e-01
3.388540868275213835e-01
3.181098657226805182e-01
3.479621724276655281e-01
3.031029615434244207e-01
3.374161871983180627e-01
3.418903344673305256e-01
3.259866351339024138e-01
3.328448337921088296e-01
3.147849624854204831e-01
3.187157199331551172e-01
3.322691200825801383e-01
2.958747024789534219e-01
3.396843465995161293e-01
3.400719493050609610e-01
3.304222590412715932e-01
3.117962859921825092e-01
3.321592579817411739e-01
3.480493026450420802e-01
3.323982441182586900e-01
3.354934052741124773e-01
3.374329900102790436e-01
3.314356563983812398e-01
3.325420478266781221e-01
3.222646638476789338e-01
3.362725374849651061e-01
3.356054669582366201e-01
3.286618647512534741e-01
3.099149479697022591e-01
3.397199951578467325e-01
3.088485025916165583e-01
3.183472821892558424e-01
3.219661954809852622e-01
3.269756437442902230e-01
3.384079183558982296e-01
3.239441110331651719e-01
3.501606517032129773e-01
3.289256535555113437e-01
3.215492678485762923e-01
3.290973310721497236e-01
3.451329445041438349e-01
3.476868060267013227e-01
3.178563710393413899e-01
3.347955052535647180e-01
3.501925273107469039e-01
3.304822250878924339e-01
3.145226252891000773e-01
3.194340719224307290e-01
3.273237102758999040e-01
3.180859628355168778e-01
3.188184170321687327e-01
3.223581625614239665e-01
3.444650590620108588e-01
3.402631985260340386e-01
3.280408046383360698e-01
3.300814049767215042e-01
3.234364843478140794e-01
3.305088900134614538e-01
3.313568417900090712e-01
3.189149053328333983e-01
2.896703581928708471e-01
3.246339004428233088e-01
3.392341469460945502e-01
3.148407425053604825e-01
3.438755779071967500e-01
3.416495093018347418e-01
3.344246141077619194e-01
3.406354237056862244e-01
3.214892610787450367e-01
3.299607634331159223e-01
3.327157531491102826e-01
3.173465136665389874e-01
3.229526844355942727e-01
3.364970693837292526e-01
3.396873251036408581e-01
3.384986640189296958e-01
3.294125839886865581e-01
3.307146499731091760e-01
3.181437188284372275e-01
3.137675475322615481e-01
3.361888274876395077e-01
3.488695872375224272e-01
3.432922489736520699e-01
3.439517586400924753e-01
3.255302414461018201e-01
3.472029800667533750e-01
3.197519195443184192e-01
3.396198650626854887e-01
3.299713480978668234e-01
3.198597732084120238e-01
3.033201462171114526e-01
3.353433336543446552e-01
3.232085241672822962e-01
3.311300637926102297e-01
3.078227303971357021e-01
3.300643332949499409e-01
3.402459226446701845e-01
3.251918819695089335e-01
3.320498845537414589e-01
3.307671729043537567e-01
3.263932573464837228e-01
3.181517542434831314e-01
3.272015743792608955e-01
3.284493749525445594e-01
3.349420918464335317e-01
3.422805875923635721e-01
3.548057289130528424e-01
3.239554289716410906e-01
3.272197555987338413e-01
3.229414242777152722e-01
3.160989252351243950e-01
3.229577552976887755e-01
3.286373831678023327e-01
3.335913581954401130e-01
3.372804065026359099e-01
3.210935483491596520e-01
3.329686549787220229e-01
3.137487163114257571e-01
3.451026334142744401e-01
3.169801509749509139e-01
3.372487453613823294e-01
3.239779421386307368e-01
3.159977230391190495e-01
3.298549424818337794e-01
3.190631045116262832e-01
3.319373662932413316e-01
3.055333714349685592e-01
3.432996245070223940e-01
3.378399942916909815e-01
3.354818992427743285e-01
3.337124259958949013e-01
3.025328840118963747e-01
3.151228886935616424e-01
3.443136574505432645e-01
3.377116634619098390e-01
3.425187718179633634e-01
3.410641298955423006e-01
3.136985707434935544e-01
3.309110626131400168e-01
3.232986956022403935e-01
3.289456781940495178e-01
3.269139620821611136e-01
3.202856267055776418e-01
3.200492860640539172e-01
3.419740649412895128e-01
3.377066316753901121e-01
3.392227782680989900e-01
3.427466861392369779e-01
3.390466690026613383e-01
3.168947915593423037e-01
3.261109038714220532e-01
3.195864381301467549e-01
3.259574692996755618e-01
3.252811145263153070e-01
3.096283644344897112e-01
3.259883273684802685e-01
3.226166536288054831e-01
3.241743145456122965e-01
3.260645052816394385e-01
3.471276476084879659e-01
3.151372092087733057e-01
3.394315594489829002e-01
3.304504864902689243e-01
3.361896119061346111e-01
3.343303215571131193e-01
3.285538465759703097e-01
3.182654964494625593e-01
3.130447292486370214e-01
3.385133076276296560e-01
3.165754558328668922e-01
3.051668309004058055e-01
3.220918659083059632e-01
3.184750539532546498e-01
3.268694372640456036e-01
3.301163119771093335e-01
3.377584627340083356e-01
3.328214810659080869e-01
3.329955084380771813e-01
3.331536889814837310e-01
3.209821040113257085e-01
3.214055454433727976e-01
3.337971042124594501e-01
3.180868606067578930e-01
3.229040891310729910e-01
3.185942612610631608e-01
3.126884153124432353e-01
3.205373619920633965e-01
3.238697728250264363e-01
3.489969588167807779e-01
3.368940040360798305e-01
3.497362173505936256e-01
3.058414196884279290e-01
3.314932054340243850e-01
3.323865120767859893e-01
3.272773891249006195e-01
3.484881710823362622e-01
3.260153968556288029e-01
3.345459864535417216e-01
3.533112558316610086e-01
3.203888043034953670e-01
3.211448592794823309e-01
3.617390853611160972e-01
3.211075190668496449e-01
3.295255820826658577e-01
3.102256673512303609e-01
3.462182681516858818e-01
3.156088412773270235e-01
3.223951267468258552e-01
3.088883749069619711e-01
3.276328472925412738e-01
3.307302737403405857e-01
3.384891999158409215e-01
3.270891557950612039e-01
3.435002944601106556e-01
3.367646751819916573e-01
3.232071105189349147e-01
3.334564621485618385e-01
3.489134148908337729e-01
3.346407430306863606e-01
3.331200763944522913e-01
3.435982043800114294e-01
3.172011445595731560e-01
3.052539116677694397e-01
3.172760619184255559e-01
3.171087843005089835e-01
3.205255314373023912e-01
3.157524789436706447e-01
3.242308551052088816e-01
3.424035639642137308e-01
3.291653880871379667e-01
3.294302143338549427e-01
3.449307666370625691e-01
3.329686761201303136e-01
3.173487968741042775e-01
3.197034727761670081e-01
3.293420275082528659e-01
3.367494686930214143e-01
3.140583534786319797e-01
3.261777718173684004e-01
3.385064253560874370e-01
3.378991060792363998e-01
3.144146553301577773e-01
3.337418106100719650e-01
3.346240432838682444e-01
3.156132003313217860e-01
3.198745468788360968e-01
3.207179786108461661e-01
3.431851198274720738e-01
3.238552378775032548e-01
3.264758378879251133e-01
3.292414332018651080e-01
3.424175205009526435e-01
3.243121105637120638e-01
3.093096907234126336e-01
3.186489887350169581e-01
3.406717269668243508e-01
3.351816485482493890e-01
3.377773620464880611e-01
3.173223143117364087e-01
3.431238076346080357e-01
3.328651557587554155e-01
3.485550508280574888e-01
3.204769908552516089e-01
3.522887094135739861e-01
3.383045246566958042e-01
3.200379499951195306e-01
3.441582327768386573e-01
3.127511815330448197e-01
3.343523362775024377e-01
3.281081391538473446e-01
3.396814661219125786e-01
3.463715588183348126e-01
3.250944526939914536e-01
3.292638869618284003e-01
3.235670383836697361e-01
3.380713771716067351e-01
3.198842821434042527e-01
3.412728627497790268e-01
3.446582323370502854e-01
3.262989203285471262e-01
3.308523391864305330e-01
3.049393241401310295e-01
3.422853399109948569e-01
3.253898843033128929e-01
3.290603855586020643e-01
3.339544321573603702e-01
3.119528435181910808e-01
3.244647981609720122e-01
3.289155833967858378e-01
3.219359930229170885e-01
3.206288534754170860e-01
3.310522204982417338e-01
3.257864240709114623e-01
3.126533242955473191e-01
3.377421427405005172e-01
3.375950094235094512e-01
3.337745259823871047e-01
3.553449051136316483e-01
3.161212599222050224e-01
3.170204578388358119e-01
3.400885149867864943e-01
3.403581833356454922e-01
3.253297997815239317e-01
3.436054660360510216e-01
3.228379403933336333e-01
3.245883955933240861e-01
3.225275198157616097e-01
3.125844764869842862e-01
3.462370517344346976e-01
3.337528174204293929e-01
3.288210763530138858e-01
3.243541301177322866e-01
3.173917902541647518e-01
3.088943612040154219e-01
3.197281292623871396e-01
3.161125633147276459e-01
3.432196973567866460e-01
3.449902022453787409e-01
3.300076174572859067e-01
3.508611031949784298e-01
3.420009738215252226e-01
3.261289137305497521e-01
3.322627452237915668e-01
3.464849216948143185e-01
3.225732468429956534e-01
3.194455232748906748e-01
3.386258739004520679e-01
3.219601672508104473e-01
3.163663626973698961e-01
3.011595160034467034e-01
3.229912858333377490e-01
3.475060471965133457e-01
3.369799682546747999e-01
3.372018501417108904e-01
3.190905045266378415e-01
3.239332663289030689e-01
3.218862387656526991e-01
3.342298169062356550e-01
3.200270791098072665e-01
3.322604464166021287e-01
3.216803359503789816e-01
3.322516708219427906e-01
3.395354935463783530e-01
3.470588698356218971e-01
3.412256042916363974e-01
3.406271109897002769e-01
3.367814778286692401e-01
3.019464588599993782e-01
3.255875308410815516e-01
3.164022786990654534e-01
3.201558015772232313e-01
3.178230258643529593e-01
3.137626496018128264e-01
3.181668552870574040e-01
3.297038762825944547e-01
3.151102232053852870e-01
3.354997273861615725e-01
3.352059432830960528e-01
3.485887559879913278e-01
3.201177679035184243e-01
3.041463555898707427e-01
3.315769023805216209e-01
3.241030550807392774e-01
3.201274767318553205e-01
3.229132418083527356e-01
3.468439219979101984e-01
3.410723718597620246e-01
3.317039931947553533e-01
3.443393996838765569e-01
3.383405341275363964e-01
3.446932439787556146e-01
3.270939913565073520e-01
3.374306958980544668e-01
3.418344767886992153e-01
3.446172531139192752e-01
3.274387468336951712e-01
3.460477816429014530e-01
3.261893217800936884e-01
3.280865576226170699e-01
3.219197165693054585e-01
3.327590597900019209e-01
3.167033665244192164e-01
3.294946894701638596e-01
3.164636149093305595e-01
3.137994935330747359e-01
3.432886813348611788e-01
3.238150647391002668e-01
3.204276703878430332e-01
3.351879248695402436e-01
3.325013376009569588e-01
3.288154362570614997e-01
3.150699938327368721e-01
3.318404088161925336e-01
3.278126471773611383e-01
3.154328141024864141e-01
3.321286088191717223e-01
3.450316061832021663e-01
3.132858437191142764e-01
3.316550229781042858e-01
3.424222514167252207e-01
3.263539880422782202e-01
3.181107508953619489e-01
3.171891435575836526e-01
3.581397109026492886e-01
3.475030852724483865e-01
3.486122709219252602e-01
3.316458787130437957e-01
3.187101597842630918e-01
3.348218634266042493e-01
3.250887733804025959e-01
3.275801245329025280e-01
3.158748732365816436e-01
3.192177401278391002e-01
3.293950019598343992e-01
3.500665004960883397e-01
3.431091590316500683e-01
3.317243716380309793e-01
3.348198785465450467e-01
3.236645501811496461e-01
3.304507354767166616e-01
3.261035290902113970e-01
3.367852729528060252e-01
3.217016322137799533e-01
3.394935630917384484e-01
3.271159217688385246e-01
3.180463767682364384e-01
3.292262830255336392e-01
2.946101342545097701e-01
3.362486853972753709e-01
3.203290010506667507e-01
3.295702330145923176e-01
3.277143922139410526e-01
3.203342319160839557e-01
3.367674687426846503e-01
3.239099969508070775e-01
3.129360226597891481e-01
3.398581333978207830e-01
3.338272449860129609e-01
3.314329363309689858e-01
3.318415800296547480e-01
3.280832291420072711e-01
3.196205018093269956e-01
3.110602376793532020e-01
3.177569807988112061e-01
3.377492703371499094e-01
3.381643316318856396e-01
3.400805432093890746e-01
3.145720827820722154e-01
3.350866139270848865e-01
3.315938197912065011e-01
3.348964221616108072e-01
3.378247658384007091e-01
3.320954352121878173e-01
3.319802725519936937e-01
3.322346189550868245e-01
3.469718323743937738e-01
3.328191477096452133e-01
3.208237137087854851e-01
3.343779401230854709e-01
3.136539016168582994e-01
3.266525326243436278e-01
3.575647161866531976e-01
3.120720983310515950e-01
3.356987604721156648e-01
3.259381370818752455e-01
3.304912685265639638e-01
3.388257336017055366e-01
3.694497214595165446e-01
3.240059677160512797e-01
3.343178283572427190e-01
3.324113858433715429e-01
3.443794048577492606e-01
3.168068938895206021e-01
3.352699423307808346e-01
3.389192532873883668e-01
3.338376480622733400e-01
3.317390110277598780e-01
3.074660857693314320e-01
3.441189396873576278e-01
3.328268019471905537e-01
3.444993389613412171e-01
3.395652424033023253e-01
3.361184710851380930e-01
3.222481883173977657e-01
3.364214896764882723e-01
3.485092509924505033e-01
3.305012143203673869e-01
3.340593346820970311e-01
3.188876779757015001e-01
3.368943275583499153e-01
3.243297931333289918e-01
3.242020134948982446e-01
3.462823046222669454e-01
3.342361208336043221e-01
3.223120899453980059e-01
3.341595517583918484e-01
3.253769060245911282e-01
3.098515597758037532e-01
3.304482758291925060e-01
3.427942773228052076e-01
3.117008247745544081e-01
3.333398717783579990e-01
3.396481527656819988e-01
3.396235965075320440e-01
3.149110081730040478e-01
3.185858174899068862e-01
3.167595313114077160e-01
3.265705543355567064e-01
3.349625316931413299e-01
3.514483541231305797e-01
3.240633995659843447e-01
3.242195570029586249e-01
3.224193791858493974e-01
3.503215870069059656e-01
3.281227453380583525e-01
3.430583896601102634e-01
3.563419980545353138e-01
3.254445010490358836e-01
3.403221422782182759e-01
3.185854742177548493e-01
3.325185346147624954e-01
3.373741690952790084e-01
3.138675422965680473e-01
3.383695919215885528e-01
3.244979126563271032e-01
3.251850532860227627e-01
3.402608413734841686e-01
3.194265078613005571e-01
3.484500078069704965e-01
3.460303152212193534e-01
3.459578357452797182e-01
3.415000511570738251e-01
3.384057105137036614e-01
3.371486749223450707e-01
3.156475331814956320e-01
3.288930745661838850e-01
3.316670728417072112e-01
3.194550130159067303e-01
3.547772407961451990e-01
3.080745795698243694e-01
3.209591720297552131e-01
3.247602046913670160e-01
3.326001383610996398e-01
3.275672745932163843e-01
3.226344849851586205e-01
3.247981435656769889e-01
3.195468364873936262e-01
3.198954400941168008e-01
3.452124485327200953e-01
3.289219182638812855e-01
3.363950102615120286e-01
3.283604091200145181e-01
3.299195933419116211e-01
3.421406341352857261e-01
3.558946873122127430e-01
3.314463533325890943e-01
3.246967822156346384e-01
3.277532583191234417e-01
3.369964727180300157e-01
3.281299263508992703e-01
3.205030691348255134e-01
3.256863681278314160e-01
3.161904875791241576e-01
3.387904437401427216e-01
3.228033138385331680e-01
3.296125251723919791e-01
3.158132050245799349e-01
3.345668561065051616e-01
3.142518027532220093e-01
3.073219671297233169e-01
3.269418030558550181e-01
3.208943883264274710e-01
3.179883621201577970e-01
3.498920444627787729e-01
3.454449711526480504e-01
3.470817241514458917e-01
3.301842766962632680e-01
3.252940605385450934e-01
3.303532196314843961e-01
3.348412371844967095e-01
3.283640437393782197e-01
3.573279832603037387e-01
3.210568462703444204e-01
3.133803891888171655e-01
3.243972154120188800e-01
3.239266291598940084e-01
3.371633799484590188e-01
3.396877118903026127e-01
3.428582438548040123e-01
3.244916973688542483e-01
3.213085259274642835e-01
3.368353532432122321e-01
3.450277896772885322e-01
3.414827217042269991e-01
3.306926360650211394e-01
3.501677518153522572e-01
3.221131070952377162e-01
3.331051855932985473e-01
3.072481695200535157e-01
3.315066223707733295e-01
3.007246816278495993e-01
3.066840567800699358e-01
3.308812485193739494e-01
3.480861593681673360e-01
3.306165486415777455e-01
3.142968228501586414e-01
3.369334014726247384e-01
3.470403925323904959e-01
3.311222391518570674e-01
3.278941036802022757e-01
3.221868423515538704e-01
3.132713246224183568e-01
3.353583245403156110e-01
