3.707186686864785141e-01
4.019794809295546001e-01
4.098955212188210573e-01
4.183726304311783939e-01
4.160783702978883003e-01
4.082566812962611924e-01
4.006823984783193793e-01
3.961937991417764371e-01
4.060103309327025567e-01
3.956854269777633770e-01
4.223926756819365580e-01
4.119329856940209811e-01
4.055979664544859253e-01
3.774130698806299478e-01
3.745159826777780254e-01
3.846085565699656206e-01
4.183469858678806608e-01
3.671849020880528225e-01
4.096743763538426286e-01
4.060503332944273014e-01
3.899184028010060921e-01
3.757105448115871105e-01
3.987740037888121702e-01
3.945215203624813372e-01
3.990949256078377139e-01
3.999112070464025948e-01
4.024056994681858845e-01
4.088456385517277303e-01
4.130213142913919389e-01
3.918244597081910197e-01
3.861685853714980077e-01
4.259731355941940301e-01
4.038935162305787308e-01
3.977908286419126749e-01
4.242412137551856421e-01
3.894547982114428542e-01
3.844423683597502084e-01
3.981845637914430136e-01
4.042762093631320774e-01
3.851589517232832938e-01
3.959176990026209153e-01
3.948469732337240301e-01
4.172111348814587783e-01
4.072920601224593318e-01
3.954641661287582877e-01
4.020587095270551359e-01
3.989709815641437896e-01
3.972802144105230249e-01
4.066025375088831439e-01
4.083204144283529846e-01
3.836941349591188044e-01
4.070228397466642556e-01
3.959640044654249569e-01
3.954022060631397495e-01
3.860920686623997011e-01
4.090531988456830859e-01
3.957814641947953738e-01
3.965095012927720153e-01
4.028281643313574856e-01
3.900983756728479412e-01
3.691800180222754579e-01
4.058282161496764573e-01
3.983840558921479813e-01
4.100769680450312427e-01
3.834292952850749114e-01
3.886474244447102877e-01
3.847378568728623827e-01
4.137536795956519575e-01
3.971380064918715314e-01
3.913254477523524510e-01
3.882909299345502774e-01
4.061673773216747940e-01
4.123141691880207182e-01
4.032308108064637797e-01
4.083841372472696296e-01
4.254403856181396271e-01
4.113487800049740462e-01
4.003085045613825055e-01
3.778665713431771933e-01
3.761201639095980154e-01
3.857277900791414860e-01
4.164264051130098787e-01
4.130455438723774075e-01
4.096478997129735511e-01
4.236711692021592479e-01
3.857832030421099456e-01
4.011258259100782819e-01
4.121498722723089814e-01
4.118440120991768705e-01
3.996235083624372075e-01
3.967750072212904988e-01
3.909890930275217724e-01
3.784824233890571876e-01
3.962330624412263580e-01
3.962468696504070076e-01
4.082294544943482206e-01
4.202145795842485709e-01
4.125415364380233263e-01
4.197049846623060465e-01
4.072645017227600750e-01
4.229598714796252712e-01
3.712370738688222649e-01
4.034910555294838330e-01
4.044096258400251553e-01
4.076036109166310539e-01
3.775691358198343117e-01
4.101567390542822378e-01
4.019935893507754487e-01
3.987626720925144252e-01
4.095717446295226161e-01
3.805561450669155965e-01
3.797023682162331548e-01
4.135269860503957839e-01
4.239538767283607124e-01
3.784391015250591073e-01
4.059899991145807241e-01
3.872889472891944407e-01
4.144765853571035219e-01
4.179684751596348113e-01
3.971227108153054797e-01
4.080294442870362470e-01
3.966286500650620384e-01
4.128874588113513044e-01
3.733738094277607722e-01
4.091855163360320624e-01
4.016650027556938340e-01
3.997597164818564863e-01
3.857064581820677240e-01
4.116625582718045906e-01
4.063120859944162055e-01
4.118837175680468699e-01
4.094770101327209755e-01
3.980104641487868244e-01
3.877614053016117390e-01
4.118210508911142043e-01
4.292637046944037804e-01
3.965560730641574660e-01
4.011659406313389242e-01
3.903422087203800017e-01
3.908478602488364428e-01
3.830455284432621732e-01
4.075593884044680926e-01
4.025199586182076072e-01
4.081063099359400481e-01
4.170913213568749334e-01
4.074335321472985494e-01
4.130219954243071201e-01
3.991522401913971119e-01
3.935181767017720822e-01
3.922376295187283146e-01
3.970939959596541113e-01
4.135028861212550755e-01
3.828453230507007365e-01
3.888097030458786407e-01
4.202966779262629071e-01
4.178885361834790979e-01
4.080030992229605191e-01
4.062207348970130472e-01
3.971082350384383952e-01
4.215431682878991726e-01
4.298834536592907041e-01
3.934736648671580128e-01
4.224270039166692081e-01
4.093617418885576176e-01
3.885481953907089503e-01
4.142693403453014400e-01
3.920282429895423082e-01
4.237909948788070036e-01
4.088244030707943177e-01
3.722370967675857623e-01
4.073027940911870259e-01
4.016717517487118361e-01
4.093130541239548559e-01
4.004638913879307593e-01
4.088158979431056883e-01
3.828146398477750845e-01
4.126420761188250852e-01
4.263069938624327593e-01
4.066928982436144868e-01
4.140742769382068089e-01
3.957979221103984924e-01
3.910578645656166419e-01
4.323175169309573240e-01
4.215358812810678368e-01
3.934325013312256480e-01
3.872117026730929057e-01
3.945641839275844664e-01
3.987228064951448547e-01
4.027718442686910039e-01
4.189359563305234957e-01
4.035831452773033234e-01
4.126145711476272848e-01
4.166183044359919041e-01
3.920731817218314208e-01
3.993303511108944326e-01
4.008077404949171307e-01
3.883216202395102234e-01
3.927406214441325760e-01
4.153439979581309838e-01
3.719250666395614302e-01
3.991370938870809071e-01
3.954230007698499305e-01
4.048646324010857778e-01
3.939930177196408478e-01
3.966103567290149012e-01
4.117103212051507199e-01
4.056102475780162808e-01
3.907593752296359413e-01
3.972540056259707408e-01
4.120988456613120521e-01
3.956259976658810240e-01
4.198379743140159270e-01
3.980470294362478678e-01
4.048272495617568634e-01
4.202886378807501599e-01
3.982547014740326907e-01
4.171657083513205522e-01
4.129292261456723456e-01
4.023167996595305440e-01
3.875764881513684701e-01
3.815164240524269723e-01
3.931685792531943724e-01
4.020309810597366695e-01
4.001415420234141762e-01
3.793076920509231842e-01
3.673174732042370216e-01
3.894178956550350401e-01
3.848521615131219042e-01
4.123269354898709271e-01
4.104992994061060774e-01
4.144711243092875086e-01
3.867179937119161748e-01
4.189600590044556538e-01
4.020966136823954651e-01
3.791716607882666401e-01
4.269762185068472493e-01
4.023829211412043860e-01
4.153817206830605624e-01
4.228721803403832080e-01
4.242872928559431323e-01
4.051748625987644514e-01
4.094958901747500768e-01
3.784241360259761322e-01
3.810220868105517189e-01
4.079477876069190767e-01
4.053541720208950760e-01
4.171059847040635704e-01
3.871937299356151274e-01
4.160488207358080670e-01
3.978229909188961688e-01
4.032816099493772843e-01
4.188430653412915650e-01
4.043543084060023940e-01
4.170346727451315627e-01
4.036146123284244380e-01
4.060266616074569290e-01
3.948106342818464842e-01
3.946393194235486845e-01
3.920656627169440966e-01
3.831862988870016196e-01
4.038963974916859878e-01
3.991227375421615431e-01
3.890845347352163697e-01
3.974587154938475919e-01
4.035152770538575351e-01
4.040480631838520575e-01
3.900226467335137226e-01
4.036865107548475717e-01
4.016182942353337948e-01
4.263201194993328502e-01
3.833208460733885659e-01
4.043366343254899964e-01
4.062858751954481762e-01
3.947754436396976874e-01
4.051249316622801966e-01
4.095701918657060348e-01
4.221861348346265252e-01
4.042958102434587309e-01
4.075157679977301495e-01
3.917717660662866086e-01
4.031861320077562705e-01
3.768433107878137456e-01
4.079193499142680368e-01
4.271046407577550608e-01
4.097523836867564828e-01
3.880268275474387796e-01
3.902165920412445921e-01
3.913580436898546067e-01
4.079732047455992272e-01
4.143862627187359648e-01
4.011004739729071567e-01
3.960836445384552373e-01
4.041883522042777344e-01
3.929035983764547213e-01
3.944150881585259949e-01
3.856158823259774882e-01
3.946219417519983286e-01
3.991557401387765824e-01
4.010921788895630002e-01
3.995261235309601200e-01
3.856963394388180921e-01
4.109834269868199441e-01
3.851053143043990934e-01
4.050825713468889089e-01
3.953982175588188763e-01
4.032432616167476724e-01
4.088112392591188859e-01
4.033770644037902309e-01
4.091294203929379258e-01
4.106468899950942442e-01
4.051937071367871512e-01
4.053992163118706471e-01
4.113856582232224834e-01
3.938173536132466013e-01
4.076130761876957664e-01
4.015622344981460978e-01
3.869107732134010047e-01
3.769190327969252352e-01
3.914927147936634877e-01
3.879548210402098962e-01
4.004421015414338370e-01
3.946141233760854239e-01
3.840714581172535169e-01
3.974410935155192615e-01
4.156971969938235700e-01
4.037552349924423134e-01
3.945777838166216189e-01
3.878465042064261903e-01
3.824990865432185139e-01
3.900423905694503923e-01
4.116696063658542570e-01
4.103510575067473853e-01
4.056202941210396706e-01
3.808875600072185175e-01
3.986790707630564201e-01
4.042693437199109674e-01
3.891293367225305833e-01
3.878033807220770957e-01
4.085125959167361098e-01
4.081151767937686303e-01
4.153090473841764552e-01
3.889962324639701374e-01
4.051999899096855318e-01
3.957318309082306085e-01
4.079123479839767974e-01
3.974401018876476122e-01
3.848939973597445552e-01
3.994202789506373086e-01
4.103564332284995730e-01
3.908934199726332714e-01
4.190722363033420605e-01
3.950406177623974613e-01
4.021055629580973512e-01
4.398394708621049531e-01
3.953613355928194961e-01
3.903406373498501392e-01
3.965339096945120212e-01
3.778603680244423946e-01
4.003279985488359394e-01
4.330927125063920302e-01
3.989919348445423730e-01
4.029978793256764891e-01
3.935503396362296513e-01
4.063132543017439757e-01
3.997366748576963169e-01
4.061361612680033373e-01
3.968243282796505289e-01
4.002591777443635368e-01
3.848249593171326755e-01
3.983069079424516046e-01
4.190565389042311684e-01
4.115633468325350375e-01
3.883572446689245727e-01
3.883365155704429084e-01
4.058231022991922177e-01
3.864061355482251159e-01
3.773336172386222986e-01
4.139800760947994207e-01
4.124084401921058740e-01
4.196658280806799257e-01
3.707337094545987699e-01
4.003867680864658940e-01
3.938312245912155563e-01
3.873552830910090283e-01
3.926461739200018397e-01
3.942950180850380848e-01
4.066432049763211709e-01
4.089971987508244644e-01
4.106181260043178516e-01
4.117830662889467863e-01
3.835930250947323095e-01
4.101279577004257049e-01
4.174109370928987262e-01
3.930774585482760819e-01
3.862534727737386708e-01
3.906438041671254635e-01
3.735241338224081220e-01
3.977498692972326055e-01
4.024590229631745952e-01
3.898618523104469547e-01
3.997190205729183599e-01
4.165165311884985178e-01
4.099541279557105122e-01
3.986618754289320554e-01
4.067573634796544102e-01
4.038689871779960194e-01
4.038016866728879051e-01
4.055938886395281107e-01
3.876522659282649608e-01
4.042017915779063664e-01
3.785592721884326606e-01
3.960002151101508217e-01
4.111258908887976404e-01
3.965363861183036076e-01
3.812960471913667826e-01
4.078380615254700858e-01
3.876641841374156572e-01
4.082068721496396879e-01
3.961306756570180387e-01
3.914340572980326005e-01
3.970843563376775798e-01
4.162016184361568283e-01
4.258563301842274162e-01
3.794763394122974698e-01
3.970734938025837213e-01
3.821195298330930523e-01
4.095792758158919300e-01
4.030408840859406872e-01
3.962138987031543769e-01
3.816904550779937066e-01
3.954317993468378645e-01
3.935888849476815166e-01
3.937116684329510785e-01
4.040876012203479806e-01
3.846314000937617883e-01
3.966380592497490976e-01
4.169787395101946514e-01
3.979202523801941838e-01
4.020548428899554105e-01
4.144877243088390673e-01
4.108559251926898748e-01
4.050632214414190413e-01
3.972269164401222574e-01
3.882534967237439294e-01
3.888772188640065020e-01
4.042461818578571564e-01
3.864025613615569843e-01
4.073364418844116486e-01
3.927933876283709047e-01
3.859070192741602123e-01
3.856135439994013980e-01
3.962478273246637372e-01
3.891698732876500699e-01
4.143640835100041442e-01
4.114018763470129181e-01
3.909449600791631840e-01
3.903206397698179564e-01
3.977034475096457578e-01
3.954746795389347813e-01
4.074210032120794134e-01
3.918071677675369902e-01
3.948954526133213183e-01
3.904121969057697261e-01
4.204970992487996884e-01
4.102357085000929993e-01
4.164904787070708991e-01
4.172809049348611965e-01
4.178854957204752862e-01
4.031842773546960856e-01
4.028861653164875212e-01
3.918333408800178663e-01
4.046813517754937473e-01
3.959773900320702755e-01
3.917245231383534310e-01
4.119691337054459668e-01
3.868389170306301694e-01
3.938804046757463651e-01
3.913402300834732950e-01
4.128947959308387761e-01
3.988612512567263901e-01
3.840851828701917214e-01
4.130459071232125412e-01
3.940153566713296973e-01
4.137494800738539258e-01
4.068173629651186118e-01
3.942899821866319710e-01
4.026983377961192989e-01
3.891120187208257364e-01
3.692940941825251788e-01
3.978705626493866943e-01
3.971530599004424733e-01
4.100773920379899851e-01
4.272082177556151272e-01
4.016260454657115675e-01
4.089246771863565000e-01
3.817283706666475540e-01
3.912581521475625435e-01
3.918165960135921999e-01
3.966329302572071391e-01
4.020697217910227939e-01
4.041909520787937971e-01
3.997520831712287337e-01
4.109208253256819154e-01
3.933583519622157465e-01
3.919091010171747991e-01
4.057090230107494033e-01
4.221200538377989919e-01
4.017453829278331279e-01
4.119024959146847520e-01
3.960063915932386380e-01
4.064997364893822573e-01
4.055192485660378265e-01
3.829663391089039859e-01
3.882375218334300215e-01
3.987634862917770473e-01
4.188567574600662868e-01
3.955530393139197187e-01
4.006002428506509339e-01
4.156225294255593283e-01
3.991616374557284685e-01
4.272699612831787896e-01
4.045623565506555330e-01
3.941417632760362832e-01
3.927813058241266253e-01
4.013675460401020523e-01
4.015034101793590327e-01
4.002322483303749623e-01
3.990753647698516704e-01
3.949717965250286178e-01
4.136848392594044688e-01
3.962687315957323375e-01
3.913449604180097574e-01
3.680890167109608924e-01
3.972986012129240962e-01
4.016903472437340361e-01
3.789208439089921110e-01
4.089661346467517999e-01
3.932748320701843214e-01
4.078370193576863478e-01
4.097398414738100958e-01
3.990196269960459841e-01
4.061474602340455209e-01
3.929019215780267249e-01
3.792518012850085163e-01
4.065086980676814732e-01
3.902941709300552509e-01
4.012286656036787025e-01
4.013496662891246625e-01
3.984725590661543082e-01
4.126806413788483008e-01
4.152909194469372456e-01
4.047447961956781581e-01
4.067884621070275153e-01
3.958809423459137555e-01
3.940465933879522265e-01
4.101184361263531808e-01
4.172370569446354760e-01
3.961177887963414634e-01
4.081170069573133441e-01
4.013161119362582130e-01
3.902520992834899727e-01
4.041095693477594897e-01
3.998056954078479941e-01
3.867852826563321078e-01
4.090796115085142959e-01
4.018408256528299693e-01
3.998116943386616495e-01
4.037623484672991925e-01
3.944226983245625595e-01
3.976324552507776167e-01
4.078372827156361291e-01
4.036370970773625055e-01
3.803762360297614498e-01
3.827761201974616556e-01
4.221443285988150107e-01
3.937500959930305688e-01
3.969533129842460206e-01
4.029227795474115137e-01
3.917935098153683127e-01
4.035114438066504938e-01
3.891730246061414489e-01
3.972783923650522464e-01
3.984539115629860961e-01
4.124350217108571082e-01
3.926603448354929471e-01
4.114555650658082153e-01
3.952470761928503773e-01
4.011131042738141916e-01
4.061792471912671898e-01
3.895978074276070235e-01
4.166710295662412467e-01
4.191199836983472982e-01
4.045795463040485762e-01
4.013721375890444976e-01
4.212135406166583884e-01
4.103524338744842792e-01
4.313215331417048493e-01
3.967064950827262626e-01
4.192989824491320516e-01
3.867143692573090652e-01
3.822509506741555430e-01
4.034250164082134327e-01
3.883099483130619811e-01
4.040892216712687057e-01
4.018441886006313135e-01
3.779063391864311283e-01
4.356033160184263342e-01
3.980759872982574943e-01
3.956848764591332501e-01
4.028896904321216943e-01
4.037650258496322531e-01
4.024751340905086683e-01
3.915928838212005547e-01
4.000108692317653758e-01
3.948442544812245103e-01
4.003367799537507210e-01
4.029710866632874033e-01
4.096102424393514019e-01
3.940635988816954538e-01
3.832564824974123985e-01
4.027704051606917912e-01
3.979336545943824577e-01
4.076671287745750050e-01
3.943297573754715457e-01
3.838955631891774467e-01
4.095465147652593285e-01
3.905300098240394036e-01
4.078428261453074244e-01
3.928992530572195108e-01
3.989291963354441028e-01
3.978725867510276570e-01
3.931093828889894448e-01
3.819135043828493781e-01
4.019298683877648437e-01
4.021884944739657075e-01
4.152969423641389435e-01
4.047867019248702070e-01
3.900688127008614670e-01
4.046742151258685416e-01
4.083866272914269402e-01
3.966657828874340375e-01
3.851858456589536961e-01
4.001379246313436222e-01
3.893587766154284480e-01
4.019808900480173475e-01
4.167636382111625237e-01
4.047629348743786992e-01
3.760624952344106542e-01
4.154951405287855559e-01
4.089868946305664221e-01
3.997163089353492627e-01
4.101385250123975590e-01
3.966444045800687213e-01
3.962568755755234151e-01
4.048098580802775293e-01
3.976546585022606717e-01
4.067684333258416718e-01
3.881549546290092856e-01
4.220901091023405161e-01
3.987850759683711499e-01
4.145660602713847620e-01
3.994805333619786958e-01
4.221480328173778385e-01
3.782386758699302076e-01
3.857306479371630514e-01
4.020047145675610389e-01
3.911159847558154379e-01
3.890695253425384692e-01
4.123105549779599310e-01
4.016627513319375731e-01
4.093879369118788025e-01
4.170126111717047390e-01
3.862644079506114547e-01
3.946546927001727267e-01
4.137346372867462541e-01
3.957407046456922761e-01
3.736070194737985961e-01
4.189257030570902041e-01
3.904458490328188702e-01
3.955989025653166014e-01
3.909605081052580644e-01
3.931829554195310217e-01
4.171068315891672262e-01
4.001849067699091989e-01
4.017517173030557553e-01
4.089773411164682182e-01
3.963070940723084634e-01
3.987672774151640454e-01
3.996149257591447013e-01
4.167964708475592750e-01
4.222434879731273294e-01
4.196628975679303486e-01
4.049054848298812570e-01
4.208484429553018269e-01
4.261970006151241108e-01
3.904856301798520501e-01
3.939158315885389894e-01
4.087756746050255074e-01
4.036347479063529531e-01
4.056971622975140135e-01
3.951019452883823835e-01
4.013877359712201276e-01
4.050556028503012329e-01
4.095709781750120904e-01
4.050683046238406915e-01
4.098746469719588004e-01
4.006692623084843752e-01
4.143518406643297847e-01
3.963478138440027498e-01
3.855984821648839045e-01
3.969630276858122642e-01
3.891113370680623351e-01
3.889914405035173606e-01
3.970310580238317621e-01
3.819157126363988408e-01
4.061774534585673169e-01
3.968253487627959042e-01
3.916141192433187368e-01
3.922172100898716485e-01
3.865619554563283766e-01
3.870720705722697219e-01
3.972286520078215366e-01
4.080035114108056526e-01
3.964445550944772356e-01
3.864073377297211898e-01
3.835119707515819432e-01
4.044193426382655665e-01
3.952948977741638226e-01
4.059853128447851733e-01
4.093681851645788461e-01
4.072213850806183921e-01
4.004982446947928376e-01
3.821629126430397538e-01
3.940893338067543716e-01
4.102133981928052231e-01
4.252306693585706787e-01
3.918201268906526535e-01
3.862726477350651999e-01
4.152050642032795724e-01
3.967608333318187741e-01
4.143253288794295774e-01
4.391006396536404899e-01
4.160491538679845225e-01
3.977634226150713603e-01
4.053125224189695897e-01
3.937684411021207254e-01
3.994619618282263529e-01
3.956897759002106496e-01
3.933725446509731549e-01
4.074259533854374671e-01
3.809604956539030529e-01
3.906511907239004766e-01
4.140348868015056305e-01
4.073375616947626510e-01
3.854049555620410183e-01
3.836306251039077186e-01
3.928736379876736073e-01
4.119799751492122519e-01
4.010605821864002829e-01
3.944348241288130885e-01
4.002388482641995315e-01
3.949495595470203235e-01
4.214149791349061647e-01
4.077879031900439322e-01
4.177546221092805490e-01
3.980807868689405504e-01
4.180645102445033068e-01
3.758487873815265501e-01
3.965545535639410923e-01
4.149109239430981422e-01
3.886544733077399449e-01
4.037958204101321780e-01
3.913270313758133168e-01
3.892524590187346201e-01
4.059252482275132468e-01
3.985196130316903673e-01
3.803021455336342282e-01
3.859685988954121294e-01
4.210212696658420239e-01
4.068207571932572209e-01
3.971236933053263751e-01
3.979678810664371569e-01
3.985354865087892273e-01
3.994696265533940749e-01
3.859050609706702883e-01
4.070770188843998438e-01
3.851967337516140066e-01
4.107215579716689824e-01
4.072294860744894995e-01
4.040105097869722273e-01
4.062878507466857747e-01
4.011421305286750894e-01
3.980557429572610939e-01
4.092508583554270163e-01
3.869223982690613850e-01
4.060003775845101859e-01
4.063083168035606652e-01
3.971413597827698205e-01
3.907139873749851389e-01
4.036769276564659004e-01
3.982415446977174978e-01
3.943001622049642219e-01
4.099895376890995147e-01
3.899133616124038082e-01
4.135039464247803331e-01
3.999353634989827877e-01
4.195857145912052499e-01
3.812157046512505421e-01
3.921709326819349251e-01
3.924913503029968664e-01
4.002096315361263756e-01
3.926956057342964601e-01
3.962949312201145546e-01
4.070975147487533863e-01
4.200034168619652952e-01
3.915710078352817591e-01
4.090330554819521791e-01
3.893885616365967972e-01
4.139967892246940728e-01
4.084646080229001885e-01
4.032468625488004332e-01
4.190870585396677672e-01
3.797560727418765048e-01
4.061449955691500691e-01
4.209461714768690244e-01
3.993857010177001565e-01
4.127584067280468116e-01
4.266775696189689659e-01
3.993051792898796304e-01
4.054884921365357053e-01
3.883136489150821880e-01
4.149978789928804312e-01
3.865485299136030561e-01
4.035321714807158511e-01
3.937965051835970454e-01
3.955180064051254107e-01
3.913191701121814248e-01
4.077115897797138344e-01
3.870334422982342759e-01
3.900615253374388192e-01
3.914641214370493949e-01
3.967006038307636651e-01
4.045677444157333991e-01
4.027006759434388905e-01
4.153208719182254205e-01
4.138013038098286578e-01
3.947608154156025950e-01
4.124357222925923994e-01
4.011359999235526996e-01
4.113525636352470816e-01
4.099915967440032061e-01
3.927520457542614252e-01
4.010919458570018081e-01
3.855952904450001273e-01
3.824361284416992746e-01
3.906969788286553391e-01
4.054342018665827441e-01
3.862292950755277232e-01
3.880203390036148781e-01
3.970206478546220441e-01
4.123478293101405789e-01
3.991460267333863388e-01
4.066282505372945111e-01
4.146948004471716076e-01
3.882740189139940457e-01
3.941234767411683770e-01
3.999886838262507460e-01
4.129464029491015653e-01
4.036677465864860759e-01
4.360431572740752770e-01
4.073281899173155640e-01
4.176774258524705852e-01
4.092321170858027046e-01
4.002175133172795052e-01
4.092497134310784657e-01
4.081892759960070172e-01
3.985412999877137041e-01
3.970630448210746843e-01
3.906618118457509947e-01
3.761975310230041281e-01
3.968242587196648130e-01
3.910099092378723218e-01
3.987221211925359721e-01
3.918311241958607472e-01
4.013304963107161005e-01
4.028301601714222024e-01
3.860414812699919374e-01
4.165925111844855921e-01
4.174865685593560083e-01
4.104456953428901600e-01
4.045962584275886176e-01
3.937285317029644016e-01
3.878049973518061244e-01
4.004615134217068828e-01
4.311976665021648447e-01
4.049943731369473054e-01
4.146263046902728955e-01
4.141165535127854791e-01
3.746889948814516869e-01
3.852008522206411545e-01
4.030163235431624136e-01
4.060547429005672559e-01
3.978290381179347412e-01
3.984111404059992867e-01
4.165587268263117315e-01
4.168738822217745166e-01
3.781904587573823862e-01
4.181643976076759306e-01
3.981012816166183965e-01
4.080007225544364236e-01
4.124142243655778417e-01
3.964156119600435457e-01
4.039222640910973827e-01
3.924710474896345169e-01
4.094449297879168559e-01
3.976245389975935907e-01
4.349390916185431610e-01
3.941798321230201019e-01
3.893505777313378546e-01
4.022315997368143825e-01
3.940833690854304572e-01
4.062789632923156091e-01
3.971880552208308934e-01
3.934694164075049350e-01
4.074995618112198237e-01
4.045629125480303956e-01
4.033727383694106217e-01
3.852312038911392955e-01
4.097330500569533740e-01
4.140296628665577905e-01
3.955173901996004160e-01
3.957476200391993881e-01
3.976742416465620655e-01
4.002679600318760911e-01
4.109651186399875256e-01
3.914464423831818252e-01
3.883942157468193712e-01
4.112758027585576848e-01
4.088696344346873790e-01
4.191560342329400668e-01
3.977332846752782980e-01
4.207608639305601139e-01
3.976736342832565829e-01
3.993475343019968204e-01
3.875642641774447728e-01
3.884353263139758150e-01
4.035659604822183222e-01
3.813038311333921127e-01
3.962605063211103174e-01
4.023667590687655671e-01
3.995432958282898461e-01
3.858867213896500781e-01
3.993844615010302412e-01
3.985584751304654949e-01
3.985628463642009178e-01
4.116932214738570628e-01
3.941636270135988052e-01
4.334428298217672393e-01
4.075798681388868583e-01
4.034931687495578179e-01
4.089353833671736105e-01
3.866886179986557259e-01
3.797875609009240261e-01
3.980603872699448043e-01
4.035481455159718456e-01
3.926665265993432019e-01
4.018745531961666617e-01
3.839953322580101913e-01
4.004417309440174155e-01
4.042868505252887323e-01
4.124428922040432877e-01
3.977795026584131644e-01
3.951003478600728092e-01
3.940935553985912554e-01
3.960204076890775915e-01
4.045430489414916231e-01
3.969828865962905518e-01
4.119522672308582045e-01
4.084000175337833549e-01
